<Frame>: 0 Fence1_(1)
<Bounds>: 997.1868 25.00008 778.5665 0.7670898 25.82779 35.45227
<Frame>: 1 Fence1_(2)
<Bounds>: 997.1868 25.00008 709.4957 0.7670898 25.82779 35.45227
<Frame>: 2 Fence1_(3)
<Bounds>: 997.1868 25.00008 640.425 0.7670898 25.82779 35.45227
<Frame>: 3 Fence1_(4)
<Bounds>: 997.1868 25.04291 347.3665 0.7670898 25.82779 35.45227
<Frame>: 4 Fence1_(5)
<Bounds>: 997.1868 25.13611 278.4061 0.7670898 25.82779 35.45227
<Frame>: 5 Fence1_(1)
<Bounds>: -4.041138 25.00008 211.7669 0.7670898 25.82779 35.45227
<Frame>: 6 Fence1_(2)
<Bounds>: -4.041138 25.00008 280.8376 0.7670898 25.82779 35.45227
<Frame>: 7 Fence1_(3)
<Bounds>: -4.041138 25.00008 349.9084 0.7670898 25.82779 35.45227
<Frame>: 8 Fence1_(4)
<Bounds>: -4.041138 25.04291 642.9669 0.7670898 25.82779 35.45227
<Frame>: 9 Fence1_(5)
<Bounds>: -4.041138 25.13611 711.9272 0.7670898 25.82779 35.45227
<Frame>: 10 Fence1_(1)
<Bounds>: 216.673 25.00008 1000.581 35.45227 25.8278 0.7670898
<Frame>: 11 Fence1_(2)
<Bounds>: 285.7438 25.00008 1000.581 35.45227 25.8278 0.7670898
<Frame>: 12 Fence1_(3)
<Bounds>: 354.8145 25.00008 1000.581 35.45227 25.8278 0.7670898
<Frame>: 13 Fence1_(4)
<Bounds>: 647.873 25.04291 1000.581 35.45227 25.8278 0.7670898
<Frame>: 14 Fence1_(5)
<Bounds>: 716.8334 25.13611 1000.581 35.45227 25.8278 0.7670898
<Frame>: 15 Fence1_(1)
<Bounds>: 783.4727 25.00008 -3.947327 35.45227 25.8278 0.7670932
<Frame>: 16 Fence1_(2)
<Bounds>: 714.4019 25.00008 -3.947266 35.45227 25.8278 0.7670932
<Frame>: 17 Fence1_(3)
<Bounds>: 645.3311 25.00008 -3.947266 35.45227 25.8278 0.7670932
<Frame>: 18 Fence1_(4)
<Bounds>: 352.2726 25.04291 -3.947205 35.45227 25.8278 0.7670932
<Frame>: 19 Fence1_(5)
<Bounds>: 283.3122 25.13611 -3.947205 35.45227 25.8278 0.7670932
<Frame>: 20 Big_Container_low_17_(10)
<Bounds>: 903.2 13.04434 936 26 13.14434 14.30536
<Frame>: 21 Big_Container_low_17_(11)
<Bounds>: 903.2 13.04434 891 26 13.14434 14.30536
<Frame>: 22 Big_Container_low_17_(12)
<Bounds>: 903.2 13.04434 846 26 13.14434 14.30536
<Frame>: 23 Big_Container_low_17_(13)
<Bounds>: 903.2 13.04434 801 26 13.14434 14.30536
<Frame>: 24 Big_Container_low_17_(14)
<Bounds>: 903.2 13.04434 756 26 13.14434 14.30536
<Frame>: 25 Big_Container_low_17_(15)
<Bounds>: 903.2 13.04434 711 26 13.14434 14.30536
<Frame>: 26 Big_Container_low_17_(16)
<Bounds>: 903.2 13.04434 666 26 13.14434 14.30536
<Frame>: 27 Big_Container_low_17_(17)
<Bounds>: 903.2 13.04434 621 26 13.14434 14.30536
<Frame>: 28 Big_Container_low_17_(10)
<Bounds>: 838.2 13.04434 936 26 13.14434 14.30536
<Frame>: 29 Big_Container_low_17_(11)
<Bounds>: 838.2 13.04434 891 26 13.14434 14.30536
<Frame>: 30 Big_Container_low_17_(12)
<Bounds>: 838.2 13.04434 846 26 13.14434 14.30536
<Frame>: 31 Big_Container_low_17_(13)
<Bounds>: 846.1 13.04434 808.8 29.61462 13.14435 23.99719
<Frame>: 32 Big_Container_low_17_(14)
<Bounds>: 838.2 13.04434 756 26 13.14434 14.30536
<Frame>: 33 Big_Container_low_17_(15)
<Bounds>: 838.2 13.04434 711 26 13.14434 14.30536
<Frame>: 34 Big_Container_low_17_(16)
<Bounds>: 838.2 13.04434 666 26 13.14434 14.30536
<Frame>: 35 Big_Container_low_17_(17)
<Bounds>: 838.2 13.04434 621 26 13.14434 14.30536
<Frame>: 36 Big_Container_low_17_(18)
<Bounds>: 838.2 13.04434 711 26 13.14434 14.30536
<Frame>: 37 Big_Container_low_17_(10)
<Bounds>: 780.6 13.04434 935.2 29.29321 13.14435 27.28583
<Frame>: 38 Big_Container_low_17_(11)
<Bounds>: 773.2 13.04434 891 26 13.14434 14.30536
<Frame>: 39 Big_Container_low_17_(12)
<Bounds>: 773.2 13.04434 846 26 13.14434 14.30536
<Frame>: 40 Big_Container_low_17_(13)
<Bounds>: 773.2 13.04434 801 26 13.14434 14.30536
<Frame>: 41 Big_Container_low_17_(14)
<Bounds>: 773.2 13.04434 756 26 13.14434 14.30536
<Frame>: 42 Big_Container_low_17_(15)
<Bounds>: 773.2 13.04434 711 26 13.14434 14.30536
<Frame>: 43 Big_Container_low_17_(16)
<Bounds>: 773.2 13.04434 666 26 13.14434 14.30536
<Frame>: 44 Big_Container_low_17_(17)
<Bounds>: 773.2 13.04434 621 26 13.14434 14.30536
<Frame>: 45 Big_Container_low_17_(18)
<Bounds>: 773.2 33.34434 711 26 13.14434 14.30536
<Frame>: 46 Big_Container_low_17_(19)
<Bounds>: 773.2 32.94434 756 26 13.14434 14.30536
<Frame>: 47 Big_Container_low_17_(20)
<Bounds>: 773.1 37.54434 650.1 23.16632 13.14435 29.4953
<Frame>: 48 Big_Container_low_17_(10)
<Bounds>: 708.2 13.04434 936 26 13.14434 14.30536
<Frame>: 49 Big_Container_low_17_(11)
<Bounds>: 708.2 13.04434 891 26 13.14434 14.30536
<Frame>: 50 Big_Container_low_17_(12)
<Bounds>: 708.2 13.04434 846 26 13.14434 14.30536
<Frame>: 51 Big_Container_low_17_(13)
<Bounds>: 708.2 13.04434 801 26 13.14434 14.30536
<Frame>: 52 Big_Container_low_17_(14)
<Bounds>: 708.2 13.04434 756 26 13.14434 14.30536
<Frame>: 53 Big_Container_low_17_(15)
<Bounds>: 708.2 13.04434 711 26 13.14434 14.30536
<Frame>: 54 Big_Container_low_17_(16)
<Bounds>: 708.2 13.04434 666 26 13.14434 14.30536
<Frame>: 55 Big_Container_low_17_(17)
<Bounds>: 708.2 13.04434 621 26 13.14434 14.30536
<Frame>: 56 Big_Container_low_17_(18)
<Bounds>: 708.2 33.74434 756 26 13.14434 14.30536
<Frame>: 57 Big_Container_low_17_(10)
<Bounds>: 643.2 13.04434 936 26 13.14434 14.30536
<Frame>: 58 Big_Container_low_17_(11)
<Bounds>: 643.2 13.04434 891 26 13.14434 14.30536
<Frame>: 59 Big_Container_low_17_(12)
<Bounds>: 642.6 13.04434 847.8 19.51385 13.14434 28.44995
<Frame>: 60 Big_Container_low_17_(13)
<Bounds>: 643.2 13.04434 801 26 13.14434 14.30536
<Frame>: 61 Big_Container_low_17_(14)
<Bounds>: 638.7 13.04434 734.6 26 13.14434 14.30536
<Frame>: 62 Big_Container_low_17_(16)
<Bounds>: 642 13.04434 683 26 13.14434 14.30536
<Frame>: 63 Big_Container_low_17_(17)
<Bounds>: 643.2 13.04434 621 26 13.14434 14.30536
<Frame>: 64 Big_Container_low_17_(10)
<Bounds>: 578.2 13.04434 936 26 13.14434 14.30536
<Frame>: 65 Big_Container_low_17_(11)
<Bounds>: 578.2 13.04434 891 26 13.14434 14.30536
<Frame>: 66 Big_Container_low_17_(12)
<Bounds>: 578.2 13.04434 846 26 13.14434 14.30536
<Frame>: 67 Big_Container_low_17_(13)
<Bounds>: 578.2 13.04434 801 26 13.14434 14.30536
<Frame>: 68 Big_Container_low_17_(10)
<Bounds>: 513.2 13.04434 936 26 13.14434 14.30536
<Frame>: 69 Big_Container_low_17_(12)
<Bounds>: 513.2 13.04434 846 26 13.14434 14.30536
<Frame>: 70 Big_Container_low_17_(13)
<Bounds>: 513.2 13.04434 801 26 13.14434 14.30536
<Frame>: 71 Big_Container_low_17_(14)
<Bounds>: 398.3 13.04434 921.4 26.99689 13.14435 29.39911
<Frame>: 72 Big_Container_low_17_(14)
<Bounds>: 449.8 13.04434 937.8 26 13.14434 14.30536
<Frame>: 73 Middle_Container_(17)
<Bounds>: 434.2 6.139352 917.3 8.124054 6.154553 5.801025
<Frame>: 74 Middle_Container_(18)
<Bounds>: 452.7 6.139352 913 9.982391 6.154553 9.462158
<Frame>: 75 Big_Container_low_17_(15)
<Bounds>: 435.5 18.63966 884.3067 15.435 19.96432 29.1955
<Frame>: 76 Big_Container_low_17_(16)
<Bounds>: 434.7 37.84434 937.6 27.6532 13.14435 17.59534
<Frame>: 77 Middle_Container_(19)
<Bounds>: 497.4 6.139352 869.4 9.982391 6.154553 9.462158
<Frame>: 78 Big_Container_low_17_(19)
<Bounds>: 838.2 39.64434 869.6 16.11304 13.14434 26.94897
<Frame>: 79 Big_Container_low_17_(20)
<Bounds>: 803.4 39.64434 869.6 15.08392 13.14435 26.4201
<Frame>: 80 Big_Container_low_17_(21)
<Bounds>: 770.2 39.64434 869.6 15.08392 13.14435 26.4201
<Frame>: 81 Big_Container_low_17_(22)
<Bounds>: 736.5 39.64434 872.2 15.08392 13.14435 26.4201
<Frame>: 82 Big_Container_low_17_(23)
<Bounds>: 702.2 39.64434 871 21.01031 13.14434 28.9646
<Frame>: 83 Big_Container_low_17_(24)
<Bounds>: 650.2 39.64434 871.6 16.5647 13.14434 27.17102
<Frame>: 84 TrapShield_2L_(2)
<Bounds>: 525.4407 4.703724 568.0052 10.00238 10 10.00238
<Frame>: 85 TrapShield_1L_(2)
<Bounds>: 476.2185 4.703625 568.017 10.00238 10 10.00238
<Frame>: 86 TrapShield_1L_(3)
<Bounds>: 541.9779 4.703524 584.5391 10.00238 10 10.00238
<Frame>: 87 TrapShield_1L_(4)
<Bounds>: 500.8504 4.703625 568.0111 10.00238 10 10.00238
<Frame>: 88 TrapShield_1L_(7)
<Bounds>: 441.9355 4.703625 584.5581 10.00241 10 10.00238
<Frame>: 89 TrapShield_1L_(8)
<Bounds>: 441.9413 4.703625 609.1581 10.00241 10 10.00238
<Frame>: 90 TrapShield_1L_(9)
<Bounds>: 441.9472 4.703625 633.8582 10.00241 10 10.00238
<Frame>: 91 TrapShield_1L_(10)
<Bounds>: 441.9531 4.703625 658.4581 10.00241 10 10.00238
<Frame>: 92 TrapShield_1L_(11)
<Bounds>: 441.9589 4.703625 683.0581 10.00241 10 10.00238
<Frame>: 93 TrapShield_1L_(12)
<Bounds>: 441.9648 4.703625 707.7581 10.00241 10 10.00238
<Frame>: 94 TrapShield_1L_(13)
<Bounds>: 458.6572 4.703624 723.9023 10.01276 10 10.01276
<Frame>: 95 TrapShield_1L_(14)
<Bounds>: 476.3281 4.503625 723.9361 10.01276 10 10.01276
<Frame>: 96 TrapShield_1L_(15)
<Bounds>: 500.9281 4.503625 723.9303 10.01276 10 10.01276
<Frame>: 97 TrapShield_1L_(16)
<Bounds>: 525.5281 4.503625 723.9244 10.01276 10 10.01276
<Frame>: 98 TrapShield_1L_(17)
<Bounds>: 541.9839 4.703524 609.171 10.00238 10 10.00238
<Frame>: 99 TrapShield_1L_(18)
<Bounds>: 541.9897 4.703524 633.803 10.00238 10 10.00238
<Frame>: 100 TrapShield_1L_(19)
<Bounds>: 541.9957 4.703524 658.435 10.00238 10 10.00238
<Frame>: 101 TrapShield_1L_(20)
<Bounds>: 542.0016 4.703524 683.067 10.00238 10 10.00238
<Frame>: 102 TrapShield_2L_(2)
<Bounds>: 525.4407 14.49284 568.0052 10.00238 10 10.00238
<Frame>: 103 TrapShield_1L_(2)
<Bounds>: 476.2185 14.49274 568.017 10.00238 10 10.00238
<Frame>: 104 TrapShield_1L_(3)
<Bounds>: 541.9779 14.49264 584.5391 10.00238 10 10.00238
<Frame>: 105 TrapShield_1L_(4)
<Bounds>: 500.8504 14.49274 568.0111 10.00238 10 10.00238
<Frame>: 106 TrapShield_1L_(7)
<Bounds>: 441.9355 14.49274 584.5581 10.00241 10 10.00238
<Frame>: 107 TrapShield_1L_(8)
<Bounds>: 441.9413 14.49274 609.1581 10.00241 10 10.00238
<Frame>: 108 TrapShield_1L_(9)
<Bounds>: 441.9472 14.49274 633.8582 10.00241 10 10.00238
<Frame>: 109 TrapShield_1L_(10)
<Bounds>: 441.9531 14.49274 658.4581 10.00241 10 10.00238
<Frame>: 110 TrapShield_1L_(11)
<Bounds>: 441.9589 14.49274 683.0581 10.00241 10 10.00238
<Frame>: 111 TrapShield_1L_(12)
<Bounds>: 441.9648 14.49274 707.7581 10.00241 10 10.00238
<Frame>: 112 TrapShield_1L_(13)
<Bounds>: 458.6572 14.49274 723.9023 10.01276 10 10.01276
<Frame>: 113 TrapShield_1L_(14)
<Bounds>: 476.3281 14.29274 723.9361 10.01276 10 10.01276
<Frame>: 114 TrapShield_1L_(15)
<Bounds>: 500.9281 14.29274 723.9303 10.01276 10 10.01276
<Frame>: 115 TrapShield_1L_(16)
<Bounds>: 525.5281 14.29274 723.9244 10.01276 10 10.01276
<Frame>: 116 TrapShield_1L_(17)
<Bounds>: 541.9839 14.49264 609.171 10.00238 10 10.00238
<Frame>: 117 TrapShield_1L_(18)
<Bounds>: 541.9897 14.49264 633.803 10.00238 10 10.00238
<Frame>: 118 TrapShield_1L_(19)
<Bounds>: 541.9957 14.49264 658.435 10.00238 10 10.00238
<Frame>: 119 TrapShield_1L_(20)
<Bounds>: 542.0016 14.49264 683.067 10.00238 10 10.00238
<Frame>: 120 TrapShield_2L_(2)
<Bounds>: 525.4407 24.3043 568.0052 10.00238 10 10.00238
<Frame>: 121 TrapShield_1L_(2)
<Bounds>: 476.2185 24.3042 568.017 10.00238 10 10.00238
<Frame>: 122 TrapShield_1L_(3)
<Bounds>: 541.9779 24.3041 584.5391 10.00238 10 10.00238
<Frame>: 123 TrapShield_1L_(4)
<Bounds>: 500.8504 24.3042 568.0111 10.00238 10 10.00238
<Frame>: 124 TrapShield_1L_(7)
<Bounds>: 441.9355 24.3042 584.5581 10.00241 10 10.00238
<Frame>: 125 TrapShield_1L_(8)
<Bounds>: 441.9413 24.3042 609.1581 10.00241 10 10.00238
<Frame>: 126 TrapShield_1L_(9)
<Bounds>: 441.9472 24.3042 633.8582 10.00241 10 10.00238
<Frame>: 127 TrapShield_1L_(10)
<Bounds>: 441.9531 24.3042 658.4581 10.00241 10 10.00238
<Frame>: 128 TrapShield_1L_(11)
<Bounds>: 441.9589 24.3042 683.0581 10.00241 10 10.00238
<Frame>: 129 TrapShield_1L_(12)
<Bounds>: 441.9648 24.3042 707.7581 10.00241 10 10.00238
<Frame>: 130 TrapShield_1L_(13)
<Bounds>: 458.6572 24.3042 723.9023 10.01276 10 10.01276
<Frame>: 131 TrapShield_1L_(14)
<Bounds>: 476.3281 24.1042 723.9361 10.01276 10 10.01276
<Frame>: 132 TrapShield_1L_(15)
<Bounds>: 500.9281 24.1042 723.9303 10.01276 10 10.01276
<Frame>: 133 TrapShield_1L_(16)
<Bounds>: 525.5281 24.1042 723.9244 10.01276 10 10.01276
<Frame>: 134 TrapShield_1L_(17)
<Bounds>: 541.9839 24.3041 609.171 10.00238 10 10.00238
<Frame>: 135 TrapShield_1L_(18)
<Bounds>: 541.9897 24.3041 633.803 10.00238 10 10.00238
<Frame>: 136 TrapShield_1L_(19)
<Bounds>: 541.9957 24.3041 658.435 10.00238 10 10.00238
<Frame>: 137 TrapShield_1L_(20)
<Bounds>: 542.0016 24.3041 683.067 10.00238 10 10.00238
<Frame>: 138 FloorPanel_base
<Bounds>: 529.2 29.12141 570.9674 12.59998 0.613348 12.59998
<Frame>: 139 FloorPanel_base_(1)
<Bounds>: 504 29.12141 570.9674 12.59999 0.613348 12.59998
<Frame>: 140 FloorPanel_base_(2)
<Bounds>: 478.9554 28.96594 571.1229 12.60001 0.613348 12.59998
<Frame>: 141 FloorPanel_base_(3)
<Bounds>: 453.9109 28.81047 571.2784 12.60001 0.613348 12.59998
<Frame>: 142 FloorPanel_base_(4)
<Bounds>: 529.2 29.12141 595.7674 12.59998 0.613348 12.59998
<Frame>: 143 FloorPanel_base_(5)
<Bounds>: 504 29.12141 595.7674 12.59999 0.613348 12.59998
<Frame>: 144 FloorPanel_base_(6)
<Bounds>: 478.9554 28.96594 595.9229 12.60001 0.613348 12.59998
<Frame>: 145 FloorPanel_base_(7)
<Bounds>: 453.9109 28.81047 596.0784 12.60001 0.613348 12.59998
<Frame>: 146 FloorPanel_base_(8)
<Bounds>: 529.2 29.12141 620.1674 12.59998 0.613348 12.59998
<Frame>: 147 FloorPanel_base_(9)
<Bounds>: 504 29.12141 620.1674 12.59999 0.613348 12.59998
<Frame>: 148 FloorPanel_base_(10)
<Bounds>: 478.9554 28.96594 620.3229 12.60001 0.613348 12.59998
<Frame>: 149 FloorPanel_base_(11)
<Bounds>: 453.9109 28.81047 620.4784 12.60001 0.613348 12.59998
<Frame>: 150 FloorPanel_base_(12)
<Bounds>: 529.2 29.12141 645.1674 12.59998 0.613348 12.59998
<Frame>: 151 FloorPanel_base_(13)
<Bounds>: 504 29.12141 645.1674 12.59999 0.613348 12.59998
<Frame>: 152 FloorPanel_base_(14)
<Bounds>: 478.9554 28.96594 645.3229 12.60001 0.613348 12.59998
<Frame>: 153 FloorPanel_base_(15)
<Bounds>: 453.9109 28.81047 645.4784 12.60001 0.613348 12.59998
<Frame>: 154 FloorPanel_base_(16)
<Bounds>: 529.2 29.12141 670.1674 12.59998 0.613348 12.59998
<Frame>: 155 FloorPanel_base_(17)
<Bounds>: 504 29.12141 670.1674 12.59999 0.613348 12.59998
<Frame>: 156 FloorPanel_base_(18)
<Bounds>: 478.9554 28.96594 670.3229 12.60001 0.613348 12.59998
<Frame>: 157 FloorPanel_base_(19)
<Bounds>: 453.9109 28.81047 670.4784 12.60001 0.613348 12.59998
<Frame>: 158 FloorPanel_base_(20)
<Bounds>: 529.2 29.12141 695.0674 12.59998 0.613348 12.59998
<Frame>: 159 FloorPanel_base_(21)
<Bounds>: 504 29.12141 695.0674 12.59999 0.613348 12.59998
<Frame>: 160 FloorPanel_base_(22)
<Bounds>: 478.9554 28.96594 695.2228 12.60001 0.613348 12.59998
<Frame>: 161 FloorPanel_base_(23)
<Bounds>: 453.9109 28.81047 695.3784 12.60001 0.613348 12.59998
<Frame>: 162 FloorPanel_base_(24)
<Bounds>: 529.2 29.12141 720.3119 12.59998 0.613348 12.59998
<Frame>: 163 FloorPanel_base_(25)
<Bounds>: 504 29.12141 720.3119 12.59999 0.613348 12.59998
<Frame>: 164 FloorPanel_base_(26)
<Bounds>: 478.9554 28.96594 720.4674 12.60001 0.613348 12.59998
<Frame>: 165 FloorPanel_base_(27)
<Bounds>: 453.9109 28.81047 720.6229 12.60001 0.613348 12.59998
