<Frame>: 0 TrapShield_1L_(20)
<Bounds>: 492.5533 5.449646 581.9478 12.77951 4.947741 0.5575562
<Frame>: 1 TrapShield_1L_(21)
<Bounds>: 467.9533 5.449646 581.9478 12.77951 4.947741 0.5575562
<Frame>: 2 TrapShield_1L_(22)
<Bounds>: 443.3733 5.449646 581.9478 12.77951 4.947741 0.5575562
<Frame>: 3 TrapShield_1L_(23)
<Bounds>: 508.7422 5.449646 598.5132 0.5575562 4.94774 12.77948
<Frame>: 4 TrapShield_1L_(24)
<Bounds>: 508.7422 5.449646 623.0533 0.5575562 4.94774 12.77948
<Frame>: 5 TrapShield_1L_(25)
<Bounds>: 508.7422 5.449646 647.5933 0.5575562 4.94774 12.77948
<Frame>: 6 TrapShield_1L_(26)
<Bounds>: 508.7422 5.449646 672.1333 0.5575562 4.94774 12.77948
<Frame>: 7 TrapShield_1L_(27)
<Bounds>: 508.7422 5.449646 696.7432 0.5575562 4.94774 12.77948
<Frame>: 8 TrapShield_1L_(30)
<Bounds>: 402.1522 5.449646 598.5349 0.5575562 4.94774 12.77948
<Frame>: 9 TrapShield_1L_(31)
<Bounds>: 402.1522 5.449646 623.075 0.5575562 4.94774 12.77948
<Frame>: 10 TrapShield_1L_(32)
<Bounds>: 402.1522 5.449646 647.6149 0.5575562 4.94774 12.77948
<Frame>: 11 TrapShield_1L_(33)
<Bounds>: 402.1522 5.449646 672.155 0.5575562 4.94774 12.77948
<Frame>: 12 TrapShield_1L_(34)
<Bounds>: 402.1522 5.449646 696.7649 0.5575562 4.94774 12.77948
<Frame>: 13 TrapShield_1L_(35)
<Bounds>: 402.1522 5.449646 721.3049 0.5575562 4.94774 12.77948
<Frame>: 14 TrapShield_1L_(36)
<Bounds>: 492.5833 5.449646 737.3278 12.77951 4.947741 0.5575562
<Frame>: 15 TrapShield_1L_(37)
<Bounds>: 467.9833 5.449646 737.3278 12.77951 4.947741 0.5575562
<Frame>: 16 TrapShield_1L_(38)
<Bounds>: 443.4033 5.449646 737.3278 12.77951 4.947741 0.5575562
<Frame>: 17 TrapShield_1L_(39)
<Bounds>: 418.7933 5.449646 737.3278 12.77951 4.947741 0.5575562
<Frame>: 18 TrapShield_1L_(28)
<Bounds>: 492.5533 15.11969 581.9478 12.77951 4.947741 0.5575562
<Frame>: 19 TrapShield_1L_(29)
<Bounds>: 467.9533 15.11969 581.9478 12.77951 4.947741 0.5575562
<Frame>: 20 TrapShield_1L_(40)
<Bounds>: 443.3733 15.11969 581.9478 12.77951 4.947741 0.5575562
<Frame>: 21 TrapShield_1L_(41)
<Bounds>: 508.7422 15.11969 598.5132 0.5575562 4.947739 12.77948
<Frame>: 22 TrapShield_1L_(42)
<Bounds>: 508.7422 15.11969 623.0533 0.5575562 4.947739 12.77948
<Frame>: 23 TrapShield_1L_(43)
<Bounds>: 508.7422 15.11969 647.5933 0.5575562 4.947739 12.77948
<Frame>: 24 TrapShield_1L_(44)
<Bounds>: 508.7422 15.11969 672.1333 0.5575562 4.947739 12.77948
<Frame>: 25 TrapShield_1L_(45)
<Bounds>: 508.7422 15.11969 696.7432 0.5575562 4.947739 12.77948
<Frame>: 26 TrapShield_1L_(46)
<Bounds>: 402.1522 15.11969 598.5349 0.5575562 4.947739 12.77948
<Frame>: 27 TrapShield_1L_(47)
<Bounds>: 402.1522 15.11969 623.075 0.5575562 4.947739 12.77948
<Frame>: 28 TrapShield_1L_(48)
<Bounds>: 402.1522 15.11969 647.6149 0.5575562 4.947739 12.77948
<Frame>: 29 TrapShield_1L_(49)
<Bounds>: 402.1522 15.11969 672.155 0.5575562 4.947739 12.77948
<Frame>: 30 TrapShield_1L_(50)
<Bounds>: 402.1522 15.11969 696.7649 0.5575562 4.947739 12.77948
<Frame>: 31 TrapShield_1L_(51)
<Bounds>: 402.1522 15.11969 721.3049 0.5575562 4.947739 12.77948
<Frame>: 32 TrapShield_1L_(52)
<Bounds>: 492.5833 15.11969 737.3278 12.77951 4.947741 0.5575562
<Frame>: 33 TrapShield_1L_(53)
<Bounds>: 467.9833 15.11969 737.3278 12.77951 4.947741 0.5575562
<Frame>: 34 TrapShield_1L_(54)
<Bounds>: 443.4033 15.11969 737.3278 12.77951 4.947741 0.5575562
<Frame>: 35 TrapShield_1L_(55)
<Bounds>: 418.7933 15.11969 737.3278 12.77951 4.947741 0.5575562
<Frame>: 36 TrapShield_1L_(56)
<Bounds>: 492.602 24.24384 582.2938 12.77951 4.947741 0.5575562
<Frame>: 37 TrapShield_1L_(57)
<Bounds>: 468.002 24.24384 582.2938 12.77951 4.947741 0.5575562
<Frame>: 38 TrapShield_1L_(58)
<Bounds>: 443.422 24.24384 582.2938 12.77951 4.947741 0.5575562
<Frame>: 39 TrapShield_1L_(59)
<Bounds>: 508.7909 24.24384 598.8592 0.5575562 4.947739 12.77948
<Frame>: 40 TrapShield_1L_(60)
<Bounds>: 508.7909 24.24384 623.3992 0.5575562 4.947739 12.77948
<Frame>: 41 TrapShield_1L_(61)
<Bounds>: 508.7909 24.24384 647.9392 0.5575562 4.947739 12.77948
<Frame>: 42 TrapShield_1L_(62)
<Bounds>: 508.7909 24.24384 672.4792 0.5575562 4.947739 12.77948
<Frame>: 43 TrapShield_1L_(63)
<Bounds>: 508.7909 24.24384 697.0892 0.5575562 4.947739 12.77948
<Frame>: 44 TrapShield_1L_(64)
<Bounds>: 402.2009 24.24384 598.8809 0.5575562 4.947739 12.77948
<Frame>: 45 TrapShield_1L_(65)
<Bounds>: 402.2009 24.24384 623.4209 0.5575562 4.947739 12.77948
<Frame>: 46 TrapShield_1L_(66)
<Bounds>: 402.2009 24.24384 647.9609 0.5575562 4.947739 12.77948
<Frame>: 47 TrapShield_1L_(67)
<Bounds>: 402.2009 24.24384 672.5009 0.5575562 4.947739 12.77948
<Frame>: 48 TrapShield_1L_(68)
<Bounds>: 402.2009 24.24384 697.1108 0.5575562 4.947739 12.77948
<Frame>: 49 TrapShield_1L_(69)
<Bounds>: 402.2009 24.24384 721.6509 0.5575562 4.947739 12.77948
<Frame>: 50 TrapShield_1L_(70)
<Bounds>: 492.632 24.24384 737.6738 12.77951 4.947741 0.5575562
<Frame>: 51 TrapShield_1L_(71)
<Bounds>: 468.032 24.24384 737.6738 12.77951 4.947741 0.5575562
<Frame>: 52 TrapShield_1L_(72)
<Bounds>: 443.452 24.24384 737.6738 12.77951 4.947741 0.5575562
<Frame>: 53 TrapShield_1L_(73)
<Bounds>: 418.842 24.24384 737.6738 12.77951 4.947741 0.5575562
<Frame>: 54 FloorPanel_base
<Bounds>: 406.5 29.60394 586.2 12.60001 0.613348 12.59998
<Frame>: 55 FloorPanel_base_(1)
<Bounds>: 431.389 29.60394 586.2 12.60001 0.613348 12.59998
<Frame>: 56 FloorPanel_base_(2)
<Bounds>: 456.5891 29.60394 586.2 12.60001 0.613348 12.59998
<Frame>: 57 FloorPanel_base_(3)
<Bounds>: 481.7891 29.60394 586.2 12.60001 0.613348 12.59998
<Frame>: 58 FloorPanel_base_(4)
<Bounds>: 506.6781 29.60394 586.2 12.59999 0.613348 12.59998
<Frame>: 59 FloorPanel_base_(5)
<Bounds>: 406.6555 29.60394 611.2445 12.60001 0.613348 12.59998
<Frame>: 60 FloorPanel_base_(6)
<Bounds>: 431.5445 29.60394 611.2445 12.60001 0.613348 12.59998
<Frame>: 61 FloorPanel_base_(7)
<Bounds>: 456.7445 29.60394 611.2445 12.60001 0.613348 12.59998
<Frame>: 62 FloorPanel_base_(8)
<Bounds>: 481.9445 29.60394 611.2445 12.60001 0.613348 12.59998
<Frame>: 63 FloorPanel_base_(9)
<Bounds>: 506.8336 29.60394 611.2445 12.60001 0.613348 12.59998
<Frame>: 64 FloorPanel_base_(10)
<Bounds>: 406.6555 29.60394 636.1335 12.60001 0.613348 12.59998
<Frame>: 65 FloorPanel_base_(11)
<Bounds>: 431.5445 29.60394 636.1335 12.60001 0.613348 12.59998
<Frame>: 66 FloorPanel_base_(12)
<Bounds>: 456.7445 29.60394 636.1335 12.60001 0.613348 12.59998
<Frame>: 67 FloorPanel_base_(13)
<Bounds>: 481.9445 29.60394 636.1335 12.60001 0.613348 12.59998
<Frame>: 68 FloorPanel_base_(14)
<Bounds>: 506.8336 29.60394 636.1335 12.60001 0.613348 12.59998
<Frame>: 69 FloorPanel_base_(15)
<Bounds>: 406.811 29.60394 661.178 12.60001 0.613348 12.59998
<Frame>: 70 FloorPanel_base_(16)
<Bounds>: 431.7 29.60394 661.178 12.60001 0.613348 12.59998
<Frame>: 71 FloorPanel_base_(17)
<Bounds>: 456.9 29.60394 661.178 12.60001 0.613348 12.59998
<Frame>: 72 FloorPanel_base_(18)
<Bounds>: 482.1 29.60394 661.178 12.60001 0.613348 12.59998
<Frame>: 73 FloorPanel_base_(19)
<Bounds>: 506.9891 29.60394 661.178 12.59999 0.613348 12.59998
<Frame>: 74 FloorPanel_base_(20)
<Bounds>: 406.811 29.60394 686.378 12.60001 0.613348 12.59998
<Frame>: 75 FloorPanel_base_(21)
<Bounds>: 431.7 29.60394 686.378 12.60001 0.613348 12.59998
<Frame>: 76 FloorPanel_base_(22)
<Bounds>: 456.9 29.60394 686.378 12.60001 0.613348 12.59998
<Frame>: 77 FloorPanel_base_(23)
<Bounds>: 482.1 29.60394 686.378 12.60001 0.613348 12.59998
<Frame>: 78 FloorPanel_base_(24)
<Bounds>: 506.9891 29.60394 686.378 12.59999 0.613348 12.59998
<Frame>: 79 FloorPanel_base_(25)
<Bounds>: 406.9665 29.60394 711.4225 12.60001 0.613348 12.59998
<Frame>: 80 FloorPanel_base_(26)
<Bounds>: 431.8555 29.60394 711.4225 12.60001 0.613348 12.59998
<Frame>: 81 FloorPanel_base_(27)
<Bounds>: 457.0555 29.60394 711.4225 12.60001 0.613348 12.59998
<Frame>: 82 FloorPanel_base_(28)
<Bounds>: 482.2555 29.60394 711.4225 12.60001 0.613348 12.59998
<Frame>: 83 FloorPanel_base_(29)
<Bounds>: 507.1446 29.60394 711.4225 12.60001 0.613348 12.59998
<Frame>: 84 FloorPanel_base_(30)
<Bounds>: 406.9665 29.60394 736.3115 12.60001 0.613348 12.59998
<Frame>: 85 FloorPanel_base_(31)
<Bounds>: 431.8555 29.60394 736.3115 12.60001 0.613348 12.59998
<Frame>: 86 FloorPanel_base_(32)
<Bounds>: 457.0555 29.60394 736.3115 12.60001 0.613348 12.59998
<Frame>: 87 FloorPanel_base_(33)
<Bounds>: 482.2555 29.60394 736.3115 12.60001 0.613348 12.59998
<Frame>: 88 FloorPanel_base_(34)
<Bounds>: 507.1446 29.60394 736.3115 12.60001 0.613348 12.59998
<Frame>: 89 Middle_Container
<Bounds>: 839.4169 6.140869 790.7606 8.124023 6.154554 5.801025
<Frame>: 90 Middle_Container_(1)
<Bounds>: 667.417 6.140869 853.5605 8.124023 6.154554 5.801025
<Frame>: 91 Middle_Container_(2)
<Bounds>: 695.2469 6.140869 853.5605 8.124023 6.154554 5.801025
<Frame>: 92 Middle_Container_(3)
<Bounds>: 748.1169 6.140869 853.5605 8.124023 6.154554 5.801025
<Frame>: 93 Middle_Container_(4)
<Bounds>: 775.9469 6.140869 853.5605 8.124023 6.154554 5.801025
<Frame>: 94 Middle_Container_(5)
<Bounds>: 829.287 6.140869 853.5605 8.124023 6.154554 5.801025
<Frame>: 95 Middle_Container_(6)
<Bounds>: 857.1169 6.140869 853.5605 8.124023 6.154554 5.801025
<Frame>: 96 Middle_Container_(7)
<Bounds>: 839.337 6.140869 779.3606 8.124023 6.154554 5.801025
<Frame>: 97 Big_Container_low_17_(19)
<Bounds>: 838.1 39.64435 857.2 16.11304 13.14434 26.94897
<Frame>: 98 Big_Container_low_17_(20)
<Bounds>: 777.9001 39.64435 857.2 15.08392 13.14435 26.4201
<Frame>: 99 Big_Container_low_17_(21)
<Bounds>: 744.7001 39.64435 857.2 15.08392 13.14435 26.4201
<Frame>: 100 Big_Container_low_17_(23)
<Bounds>: 676.7001 39.64435 858.6 21.01031 13.14434 28.9646
<Frame>: 101 Big_Container_low_17_(24)
<Bounds>: 609.5 39.64435 859.2 16.5647 13.14434 27.17102
<Frame>: 102 Big_Container_low_17_(10)
<Bounds>: 472.6 13.04431 923.6 26 13.14434 14.30536
<Frame>: 103 Big_Container_low_17_(11)
<Bounds>: 472.6 13.04431 854.4 26 13.14434 14.30536
<Frame>: 104 Big_Container_low_17_(12)
<Bounds>: 472.6 13.04431 788.6 26 13.14434 14.30536
<Frame>: 105 Big_Container_low_17_(10)
<Bounds>: 550 13.04431 927.2 26 13.14434 14.30536
<Frame>: 106 Big_Container_low_17_(11)
<Bounds>: 550 13.04431 874 26 13.14434 14.30536
<Frame>: 107 Big_Container_low_17_(12)
<Bounds>: 550 13.04431 844.5 26 13.14434 14.30536
<Frame>: 108 Big_Container_low_17_(13)
<Bounds>: 550 13.04431 784.9 26 13.14434 14.30536
<Frame>: 109 Big_Container_low_17_(16)
<Bounds>: 601 13.04431 683.6 26 13.14434 14.30536
<Frame>: 110 Big_Container_low_17_(17)
<Bounds>: 602.2 13.04431 927.2 26 13.14434 14.30536
<Frame>: 111 Big_Container_low_17_(18)
<Bounds>: 602.2 13.04431 874 26 13.14434 14.30536
<Frame>: 112 Big_Container_low_17_(19)
<Bounds>: 601.6 13.04431 844.5 26 13.14434 14.30536
<Frame>: 113 Big_Container_low_17_(20)
<Bounds>: 602.2 13.04431 784.9 26 13.14434 14.30536
<Frame>: 114 Big_Container_low_17_(21)
<Bounds>: 597.7 13.04431 735.2 26 13.14434 14.30536
<Frame>: 115 Big_Container_low_17_(22)
<Bounds>: 602.2 13.04431 621.6 26 13.14434 14.30536
<Frame>: 116 Big_Container_low_17_(11)
<Bounds>: 682.7001 13.04431 874 26 13.14434 14.30536
<Frame>: 117 Big_Container_low_17_(12)
<Bounds>: 682.7001 13.04431 833.6 26 13.14434 14.30536
<Frame>: 118 Big_Container_low_17_(13)
<Bounds>: 682.7001 13.04431 927.2 26 13.14434 14.30536
<Frame>: 119 Big_Container_low_17_(14)
<Bounds>: 682.7001 13.04431 784.9 26 13.14434 14.30536
<Frame>: 120 Big_Container_low_17_(15)
<Bounds>: 682.7001 13.04431 735.3 26 13.14434 14.30536
<Frame>: 121 Big_Container_low_17_(16)
<Bounds>: 682.7001 13.04431 684.2 26 13.14434 14.30536
<Frame>: 122 Big_Container_low_17_(17)
<Bounds>: 682.7001 13.04431 634.2 26 13.14434 14.30536
<Frame>: 123 Big_Container_low_17_(18)
<Bounds>: 682.7001 13.04431 605.1 26 13.14434 14.30536
<Frame>: 124 Big_Container_low_17_(19)
<Bounds>: 682.7001 33.74432 735.3 26 13.14434 14.30536
<Frame>: 125 Big_Container_low_17_(11)
<Bounds>: 842.6 13.04431 874 26 13.14434 14.30536
<Frame>: 126 Big_Container_low_17_(12)
<Bounds>: 842.6 13.04431 833.6 26 13.14434 14.30536
<Frame>: 127 Big_Container_low_17_(13)
<Bounds>: 842.6 13.04431 927.2 26 13.14434 14.30536
<Frame>: 128 Big_Container_low_17_(15)
<Bounds>: 842.6 13.04431 735.3 26 13.14434 14.30536
<Frame>: 129 Big_Container_low_17_(16)
<Bounds>: 842.6 13.04431 684.2 26 13.14434 14.30536
<Frame>: 130 Big_Container_low_17_(17)
<Bounds>: 842.6 13.04431 634.2 26 13.14434 14.30536
<Frame>: 131 Big_Container_low_17_(18)
<Bounds>: 842.6 13.04431 605.1 26 13.14434 14.30536
<Frame>: 132 Big_Container_low_17_(18)
<Bounds>: 917.8 13.04431 927.2 26 13.14434 14.30536
<Frame>: 133 Big_Container_low_17_(19)
<Bounds>: 917.8 13.04431 874 26 13.14434 14.30536
<Frame>: 134 Big_Container_low_17_(20)
<Bounds>: 917.8 13.04431 844.1 26 13.14434 14.30536
<Frame>: 135 Big_Container_low_17_(21)
<Bounds>: 917.8 13.04431 784.9 26 13.14434 14.30536
<Frame>: 136 Big_Container_low_17_(22)
<Bounds>: 917.8 13.04431 735.3 26 13.14434 14.30536
<Frame>: 137 Big_Container_low_17_(23)
<Bounds>: 917.8 13.04431 684.2 26 13.14434 14.30536
<Frame>: 138 Big_Container_low_17_(24)
<Bounds>: 917.8 13.04431 634.2 26 13.14434 14.30536
<Frame>: 139 Big_Container_low_17_(25)
<Bounds>: 917.8 13.04431 605.1 26 13.14434 14.30536
<Frame>: 140 Big_Container_low_17_(22)
<Bounds>: 762.5 13.04431 874 26 13.14434 14.30536
<Frame>: 141 Big_Container_low_17_(23)
<Bounds>: 762.5 13.04431 833.6 26 13.14434 14.30536
<Frame>: 142 Big_Container_low_17_(24)
<Bounds>: 762.5 13.04431 733.3 26 13.14434 14.30536
<Frame>: 143 Big_Container_low_17_(25)
<Bounds>: 762.5 13.04431 784.9 26 13.14434 14.30536
<Frame>: 144 Big_Container_low_17_(26)
<Bounds>: 762.5 13.04431 684.2 26 13.14434 14.30536
<Frame>: 145 Big_Container_low_17_(27)
<Bounds>: 762.5 33.34436 684.2 26 13.14434 14.30536
<Frame>: 146 Big_Container_low_17_(28)
<Bounds>: 762.5 13.04431 634.2 26 13.14434 14.30536
<Frame>: 147 Big_Container_low_17_(29)
<Bounds>: 762.5 13.04431 605.1 26 13.14434 14.30536
<Frame>: 148 Big_Container_low_17_(30)
<Bounds>: 760.9 32.94434 735.3 26 13.14434 14.30536
<Frame>: 149 Big_Container_low_17_(31)
<Bounds>: 760.8 37.54431 618.2999 23.16632 13.14435 29.4953
<Frame>: 150 TrapShield_1L_(20)
<Bounds>: 530.4534 5.449646 51.14777 12.77948 4.947741 0.5575523
<Frame>: 151 TrapShield_1L_(21)
<Bounds>: 505.8534 5.449646 51.14777 12.7795 4.947741 0.5575523
<Frame>: 152 TrapShield_1L_(22)
<Bounds>: 481.2734 5.449646 51.14777 12.77951 4.947741 0.5575523
<Frame>: 153 TrapShield_1L_(23)
<Bounds>: 546.6423 5.449646 67.7132 0.5575562 4.94774 12.77949
<Frame>: 154 TrapShield_1L_(24)
<Bounds>: 546.6423 5.449646 92.25323 0.5575562 4.94774 12.7795
<Frame>: 155 TrapShield_1L_(25)
<Bounds>: 546.6423 5.449646 116.7932 0.5575562 4.94774 12.7795
<Frame>: 156 TrapShield_1L_(26)
<Bounds>: 546.6423 5.449646 141.3333 0.5575562 4.94774 12.7795
<Frame>: 157 TrapShield_1L_(27)
<Bounds>: 546.6423 5.449646 165.9432 0.5575562 4.94774 12.7795
<Frame>: 158 TrapShield_1L_(30)
<Bounds>: 440.0522 5.449646 67.73486 0.5575562 4.94774 12.77949
<Frame>: 159 TrapShield_1L_(31)
<Bounds>: 440.0522 5.449646 92.2749 0.5575562 4.94774 12.7795
<Frame>: 160 TrapShield_1L_(32)
<Bounds>: 440.0522 5.449646 116.8149 0.5575562 4.94774 12.7795
<Frame>: 161 TrapShield_1L_(33)
<Bounds>: 440.0522 5.449646 141.3549 0.5575562 4.94774 12.7795
<Frame>: 162 TrapShield_1L_(34)
<Bounds>: 440.0522 5.449646 165.9648 0.5575562 4.94774 12.7795
<Frame>: 163 TrapShield_1L_(35)
<Bounds>: 440.0522 5.449646 190.5049 0.5575562 4.94774 12.7795
<Frame>: 164 TrapShield_1L_(36)
<Bounds>: 530.4834 5.449646 206.5278 12.77948 4.947741 0.5575562
<Frame>: 165 TrapShield_1L_(37)
<Bounds>: 505.8834 5.449646 206.5278 12.7795 4.947741 0.5575562
<Frame>: 166 TrapShield_1L_(38)
<Bounds>: 481.3034 5.449646 206.5278 12.77951 4.947741 0.5575562
<Frame>: 167 TrapShield_1L_(39)
<Bounds>: 456.6934 5.449646 206.5278 12.77951 4.947741 0.5575562
<Frame>: 168 TrapShield_1L_(28)
<Bounds>: 530.4534 15.11969 51.14777 12.77948 4.947741 0.5575523
<Frame>: 169 TrapShield_1L_(29)
<Bounds>: 505.8534 15.11969 51.14777 12.7795 4.947741 0.5575523
<Frame>: 170 TrapShield_1L_(40)
<Bounds>: 481.2734 15.11969 51.14777 12.77951 4.947741 0.5575523
<Frame>: 171 TrapShield_1L_(41)
<Bounds>: 546.6423 15.11969 67.7132 0.5575562 4.947739 12.77949
<Frame>: 172 TrapShield_1L_(42)
<Bounds>: 546.6423 15.11969 92.25323 0.5575562 4.947739 12.7795
<Frame>: 173 TrapShield_1L_(43)
<Bounds>: 546.6423 15.11969 116.7932 0.5575562 4.947739 12.7795
<Frame>: 174 TrapShield_1L_(44)
<Bounds>: 546.6423 15.11969 141.3333 0.5575562 4.947739 12.7795
<Frame>: 175 TrapShield_1L_(45)
<Bounds>: 546.6423 15.11969 165.9432 0.5575562 4.947739 12.7795
<Frame>: 176 TrapShield_1L_(46)
<Bounds>: 440.0522 15.11969 67.73486 0.5575562 4.947739 12.77949
<Frame>: 177 TrapShield_1L_(47)
<Bounds>: 440.0522 15.11969 92.2749 0.5575562 4.947739 12.7795
<Frame>: 178 TrapShield_1L_(48)
<Bounds>: 440.0522 15.11969 116.8149 0.5575562 4.947739 12.7795
<Frame>: 179 TrapShield_1L_(49)
<Bounds>: 440.0522 15.11969 141.3549 0.5575562 4.947739 12.7795
<Frame>: 180 TrapShield_1L_(50)
<Bounds>: 440.0522 15.11969 165.9648 0.5575562 4.947739 12.7795
<Frame>: 181 TrapShield_1L_(51)
<Bounds>: 440.0522 15.11969 190.5049 0.5575562 4.947739 12.7795
<Frame>: 182 TrapShield_1L_(52)
<Bounds>: 530.4834 15.11969 206.5278 12.77948 4.947741 0.5575562
<Frame>: 183 TrapShield_1L_(53)
<Bounds>: 505.8834 15.11969 206.5278 12.7795 4.947741 0.5575562
<Frame>: 184 TrapShield_1L_(54)
<Bounds>: 481.3034 15.11969 206.5278 12.77951 4.947741 0.5575562
<Frame>: 185 TrapShield_1L_(55)
<Bounds>: 456.6934 15.11969 206.5278 12.77951 4.947741 0.5575562
<Frame>: 186 TrapShield_1L_(56)
<Bounds>: 530.5021 24.24384 51.49371 12.77948 4.947741 0.5575523
<Frame>: 187 TrapShield_1L_(57)
<Bounds>: 505.9021 24.24384 51.49371 12.7795 4.947741 0.5575523
<Frame>: 188 TrapShield_1L_(58)
<Bounds>: 481.3221 24.24384 51.49371 12.77951 4.947741 0.5575523
<Frame>: 189 TrapShield_1L_(59)
<Bounds>: 546.691 24.24384 68.05914 0.5575562 4.947739 12.77949
<Frame>: 190 TrapShield_1L_(60)
<Bounds>: 546.691 24.24384 92.59918 0.5575562 4.947739 12.7795
<Frame>: 191 TrapShield_1L_(61)
<Bounds>: 546.691 24.24384 117.1392 0.5575562 4.947739 12.7795
<Frame>: 192 TrapShield_1L_(62)
<Bounds>: 546.691 24.24384 141.6792 0.5575562 4.947739 12.7795
<Frame>: 193 TrapShield_1L_(63)
<Bounds>: 546.691 24.24384 166.2891 0.5575562 4.947739 12.7795
<Frame>: 194 TrapShield_1L_(64)
<Bounds>: 440.101 24.24384 68.08081 0.5575562 4.947739 12.77949
<Frame>: 195 TrapShield_1L_(65)
<Bounds>: 440.101 24.24384 92.62085 0.5575562 4.947739 12.7795
<Frame>: 196 TrapShield_1L_(66)
<Bounds>: 440.101 24.24384 117.1608 0.5575562 4.947739 12.7795
<Frame>: 197 TrapShield_1L_(67)
<Bounds>: 440.101 24.24384 141.7009 0.5575562 4.947739 12.7795
<Frame>: 198 TrapShield_1L_(68)
<Bounds>: 440.101 24.24384 166.3108 0.5575562 4.947739 12.7795
<Frame>: 199 TrapShield_1L_(69)
<Bounds>: 440.101 24.24384 190.8508 0.5575562 4.947739 12.7795
<Frame>: 200 TrapShield_1L_(70)
<Bounds>: 530.5321 24.24384 206.8737 12.77948 4.947741 0.5575562
<Frame>: 201 TrapShield_1L_(71)
<Bounds>: 505.9321 24.24384 206.8737 12.7795 4.947741 0.5575562
<Frame>: 202 TrapShield_1L_(72)
<Bounds>: 481.3521 24.24384 206.8737 12.77951 4.947741 0.5575562
<Frame>: 203 TrapShield_1L_(73)
<Bounds>: 456.7421 24.24384 206.8737 12.77951 4.947741 0.5575562
<Frame>: 204 FloorPanel_base
<Bounds>: 444.4001 29.60394 55.39996 12.60001 0.613348 12.6
<Frame>: 205 FloorPanel_base_(1)
<Bounds>: 469.2891 29.60394 55.39996 12.60001 0.613348 12.6
<Frame>: 206 FloorPanel_base_(2)
<Bounds>: 494.4891 29.60394 55.39996 12.60001 0.613348 12.6
<Frame>: 207 FloorPanel_base_(3)
<Bounds>: 519.6891 29.60394 55.39996 12.59999 0.613348 12.6
<Frame>: 208 FloorPanel_base_(4)
<Bounds>: 544.5782 29.60394 55.39996 12.59998 0.613348 12.6
<Frame>: 209 FloorPanel_base_(5)
<Bounds>: 444.5556 29.60394 80.44446 12.60001 0.613348 12.60001
<Frame>: 210 FloorPanel_base_(6)
<Bounds>: 469.4446 29.60394 80.44446 12.60001 0.613348 12.60001
<Frame>: 211 FloorPanel_base_(7)
<Bounds>: 494.6446 29.60394 80.44446 12.60001 0.613348 12.60001
<Frame>: 212 FloorPanel_base_(8)
<Bounds>: 519.8447 29.60394 80.44446 12.59999 0.613348 12.60001
<Frame>: 213 FloorPanel_base_(9)
<Bounds>: 544.7337 29.60394 80.44446 12.59998 0.613348 12.60001
<Frame>: 214 FloorPanel_base_(10)
<Bounds>: 444.5556 29.60394 105.3335 12.60001 0.613348 12.60001
<Frame>: 215 FloorPanel_base_(11)
<Bounds>: 469.4446 29.60394 105.3335 12.60001 0.613348 12.60001
<Frame>: 216 FloorPanel_base_(12)
<Bounds>: 494.6446 29.60394 105.3335 12.60001 0.613348 12.60001
<Frame>: 217 FloorPanel_base_(13)
<Bounds>: 519.8447 29.60394 105.3335 12.59999 0.613348 12.60001
<Frame>: 218 FloorPanel_base_(14)
<Bounds>: 544.7337 29.60394 105.3335 12.59998 0.613348 12.60001
<Frame>: 219 FloorPanel_base_(15)
<Bounds>: 444.7111 29.60394 130.378 12.60001 0.613348 12.60001
<Frame>: 220 FloorPanel_base_(16)
<Bounds>: 469.6001 29.60394 130.378 12.60001 0.613348 12.60001
<Frame>: 221 FloorPanel_base_(17)
<Bounds>: 494.8001 29.60394 130.378 12.60001 0.613348 12.60001
<Frame>: 222 FloorPanel_base_(18)
<Bounds>: 520.0001 29.60394 130.378 12.59999 0.613348 12.60001
<Frame>: 223 FloorPanel_base_(19)
<Bounds>: 544.8892 29.60394 130.378 12.59998 0.613348 12.60001
<Frame>: 224 FloorPanel_base_(20)
<Bounds>: 444.7111 29.60394 155.5779 12.60001 0.613348 12.60001
<Frame>: 225 FloorPanel_base_(21)
<Bounds>: 469.6001 29.60394 155.5779 12.60001 0.613348 12.60001
<Frame>: 226 FloorPanel_base_(22)
<Bounds>: 494.8001 29.60394 155.5779 12.60001 0.613348 12.60001
<Frame>: 227 FloorPanel_base_(23)
<Bounds>: 520.0001 29.60394 155.5779 12.59999 0.613348 12.60001
<Frame>: 228 FloorPanel_base_(24)
<Bounds>: 544.8892 29.60394 155.5779 12.59998 0.613348 12.60001
<Frame>: 229 FloorPanel_base_(25)
<Bounds>: 444.8665 29.60394 180.6224 12.60001 0.613348 12.60001
<Frame>: 230 FloorPanel_base_(26)
<Bounds>: 469.7556 29.60394 180.6224 12.60001 0.613348 12.60001
<Frame>: 231 FloorPanel_base_(27)
<Bounds>: 494.9556 29.60394 180.6224 12.60001 0.613348 12.60001
<Frame>: 232 FloorPanel_base_(28)
<Bounds>: 520.1556 29.60394 180.6224 12.59999 0.613348 12.60001
<Frame>: 233 FloorPanel_base_(29)
<Bounds>: 545.0446 29.60394 180.6224 12.59998 0.613348 12.60001
<Frame>: 234 FloorPanel_base_(30)
<Bounds>: 444.8665 29.60394 205.5115 12.60001 0.613348 12.60001
<Frame>: 235 FloorPanel_base_(31)
<Bounds>: 469.7556 29.60394 205.5115 12.60001 0.613348 12.60001
<Frame>: 236 FloorPanel_base_(32)
<Bounds>: 494.9556 29.60394 205.5115 12.60001 0.613348 12.60001
<Frame>: 237 FloorPanel_base_(33)
<Bounds>: 520.1556 29.60394 205.5115 12.59999 0.613348 12.60001
<Frame>: 238 FloorPanel_base_(34)
<Bounds>: 545.0446 29.60394 205.5115 12.59998 0.613348 12.60001
<Frame>: 239 Middle_Container
<Bounds>: 450.417 6.140869 260.3605 8.124054 6.154554 5.801025
<Frame>: 240 Middle_Container_(1)
<Bounds>: 278.4171 6.140869 323.1605 8.124054 6.154554 5.801025
<Frame>: 241 Middle_Container_(2)
<Bounds>: 306.247 6.140869 323.1605 8.124054 6.154554 5.801025
<Frame>: 242 Middle_Container_(3)
<Bounds>: 359.117 6.140869 323.1605 8.124054 6.154554 5.801025
<Frame>: 243 Middle_Container_(4)
<Bounds>: 386.947 6.140869 323.1605 8.124054 6.154554 5.801025
<Frame>: 244 Middle_Container_(5)
<Bounds>: 440.287 6.140869 323.1605 8.124054 6.154554 5.801025
<Frame>: 245 Middle_Container_(6)
<Bounds>: 468.117 6.140869 323.1605 8.124054 6.154554 5.801025
<Frame>: 246 Middle_Container_(7)
<Bounds>: 450.337 6.140869 248.9605 8.124054 6.154554 5.801025
<Frame>: 247 Big_Container_low_17_(19)
<Bounds>: 449.1 39.64435 326.7999 16.11307 13.14434 26.94894
<Frame>: 248 Big_Container_low_17_(20)
<Bounds>: 388.9001 39.64435 326.7999 15.08392 13.14435 26.4201
<Frame>: 249 Big_Container_low_17_(21)
<Bounds>: 355.7001 39.64435 326.7999 15.08392 13.14435 26.4201
<Frame>: 250 Big_Container_low_17_(23)
<Bounds>: 287.7001 39.64435 328.1999 21.01031 13.14434 28.96463
<Frame>: 251 Big_Container_low_17_(24)
<Bounds>: 220.5001 39.64435 328.7999 16.56471 13.14434 27.17102
<Frame>: 252 Big_Container_low_17_(10)
<Bounds>: 83.60004 13.04431 393.1999 26 13.14434 14.30539
<Frame>: 253 Big_Container_low_17_(11)
<Bounds>: 83.60004 13.04431 323.9999 26 13.14434 14.30539
<Frame>: 254 Big_Container_low_17_(12)
<Bounds>: 83.60004 13.04431 258.1999 26 13.14434 14.30539
<Frame>: 255 Big_Container_low_17_(10)
<Bounds>: 161.0001 13.04431 396.7999 26 13.14434 14.30539
<Frame>: 256 Big_Container_low_17_(11)
<Bounds>: 161.0001 13.04431 343.5999 26 13.14434 14.30539
<Frame>: 257 Big_Container_low_17_(12)
<Bounds>: 161.0001 13.04431 314.0999 26 13.14434 14.30539
<Frame>: 258 Big_Container_low_17_(13)
<Bounds>: 161.0001 13.04431 254.4999 26 13.14434 14.30539
<Frame>: 259 Big_Container_low_17_(16)
<Bounds>: 60.80005 13.04431 143.4999 26 13.14434 14.30539
<Frame>: 260 Big_Container_low_17_(17)
<Bounds>: 213.2001 13.04431 396.7999 26 13.14434 14.30539
<Frame>: 261 Big_Container_low_17_(18)
<Bounds>: 213.2001 13.04431 343.5999 26 13.14434 14.30539
<Frame>: 262 Big_Container_low_17_(19)
<Bounds>: 212.6 13.04431 314.0999 26 13.14434 14.30539
<Frame>: 263 Big_Container_low_17_(20)
<Bounds>: 213.2001 13.04431 254.4999 26 13.14434 14.30539
<Frame>: 264 Big_Container_low_17_(21)
<Bounds>: 57.5 13.04431 195.0999 26 13.14434 14.30539
<Frame>: 265 Big_Container_low_17_(22)
<Bounds>: 62.00006 13.04431 81.49988 26 13.14434 14.30539
<Frame>: 266 Big_Container_low_17_(11)
<Bounds>: 293.7001 13.04431 343.5999 26 13.14434 14.30539
<Frame>: 267 Big_Container_low_17_(12)
<Bounds>: 293.7001 13.04431 303.1999 26 13.14434 14.30539
<Frame>: 268 Big_Container_low_17_(13)
<Bounds>: 293.7001 13.04431 396.7999 26 13.14434 14.30539
<Frame>: 269 Big_Container_low_17_(14)
<Bounds>: 293.7001 13.04431 254.4999 26 13.14434 14.30539
<Frame>: 270 Big_Container_low_17_(16)
<Bounds>: 142.5001 13.04431 144.0999 26 13.14434 14.30539
<Frame>: 271 Big_Container_low_17_(17)
<Bounds>: 142.5001 13.04431 94.09985 26 13.14434 14.30539
<Frame>: 272 Big_Container_low_17_(18)
<Bounds>: 142.5001 13.04431 64.99988 26 13.14434 14.30539
<Frame>: 273 Big_Container_low_17_(11)
<Bounds>: 453.6 13.04431 343.5999 26 13.14434 14.30539
<Frame>: 274 Big_Container_low_17_(12)
<Bounds>: 453.6 13.04431 303.1999 26 13.14434 14.30539
<Frame>: 275 Big_Container_low_17_(13)
<Bounds>: 453.6 13.04431 396.7999 26 13.14434 14.30539
<Frame>: 276 Big_Container_low_17_(15)
<Bounds>: 302.4 13.04431 195.1999 26 13.14434 14.30539
<Frame>: 277 Big_Container_low_17_(16)
<Bounds>: 302.4 13.04431 144.0999 26 13.14434 14.30539
<Frame>: 278 Big_Container_low_17_(17)
<Bounds>: 302.4 13.04431 94.09985 26 13.14434 14.30539
<Frame>: 279 Big_Container_low_17_(18)
<Bounds>: 302.4 13.04431 64.99988 26 13.14434 14.30539
<Frame>: 280 Big_Container_low_17_(18)
<Bounds>: 528.8 13.04431 396.7999 26 13.14434 14.30539
<Frame>: 281 Big_Container_low_17_(19)
<Bounds>: 528.8 13.04431 343.5999 26 13.14434 14.30539
<Frame>: 282 Big_Container_low_17_(20)
<Bounds>: 528.8 13.04431 313.6999 26 13.14434 14.30539
<Frame>: 283 Big_Container_low_17_(21)
<Bounds>: 528.8 13.04431 254.4999 26 13.14434 14.30539
<Frame>: 284 Big_Container_low_17_(22)
<Bounds>: 377.6 13.04431 195.1999 26 13.14434 14.30539
<Frame>: 285 Big_Container_low_17_(23)
<Bounds>: 377.6 13.04431 144.0999 26 13.14434 14.30539
<Frame>: 286 Big_Container_low_17_(24)
<Bounds>: 377.6 13.04431 94.09985 26 13.14434 14.30539
<Frame>: 287 Big_Container_low_17_(25)
<Bounds>: 377.6 13.04431 64.99988 26 13.14434 14.30539
<Frame>: 288 Big_Container_low_17_(22)
<Bounds>: 373.5001 13.04431 343.5999 26 13.14434 14.30539
<Frame>: 289 Big_Container_low_17_(23)
<Bounds>: 373.5001 13.04431 303.1999 26 13.14434 14.30539
<Frame>: 290 Big_Container_low_17_(24)
<Bounds>: 222.3 13.04431 193.1999 26 13.14434 14.30539
<Frame>: 291 Big_Container_low_17_(25)
<Bounds>: 373.5001 13.04431 254.4999 26 13.14434 14.30539
<Frame>: 292 Big_Container_low_17_(26)
<Bounds>: 222.3 13.04431 144.0999 26 13.14434 14.30539
<Frame>: 293 Big_Container_low_17_(27)
<Bounds>: 222.3 33.34436 144.0999 26 13.14434 14.30539
<Frame>: 294 Big_Container_low_17_(28)
<Bounds>: 222.3 13.04431 94.09985 26 13.14434 14.30539
<Frame>: 295 Big_Container_low_17_(29)
<Bounds>: 222.3 13.04431 64.99988 26 13.14434 14.30539
<Frame>: 296 Big_Container_low_17_(30)
<Bounds>: 220.7001 32.94434 195.1999 26 13.14434 14.30539
<Frame>: 297 Big_Container_low_17_(31)
<Bounds>: 220.6 37.54431 78.19983 23.16635 13.14435 29.49533
<Frame>: 298 Big_Container_low_17_(32)
<Bounds>: 172.7001 32.94434 195.1999 26 13.14434 14.30539
<Frame>: 299 Big_Container_low_17_(33)
<Bounds>: 174.3 13.04431 193.1999 26 13.14434 14.30539
<Frame>: 300 Fence1_(1)
<Bounds>: 1001.114 25.00006 780.8998 0.7670898 25.82779 35.45227
<Frame>: 301 Fence1_(2)
<Bounds>: 1001.114 25.00006 711.829 0.7670898 25.82779 35.45227
<Frame>: 302 Fence1_(3)
<Bounds>: 1001.114 25.00006 642.7583 0.7670898 25.82779 35.45227
<Frame>: 303 Fence1_(4)
<Bounds>: 1001.114 25.04291 349.6998 0.7670898 25.82779 35.45227
<Frame>: 304 Fence1_(5)
<Bounds>: 1001.114 25.13611 280.7394 0.7670898 25.82779 35.45227
<Frame>: 305 Fence1_(1)
<Bounds>: -0.1139526 25.00006 214.1002 0.7670898 25.82779 35.45227
<Frame>: 306 Fence1_(2)
<Bounds>: -0.1139526 25.00006 283.171 0.7670898 25.82779 35.45227
<Frame>: 307 Fence1_(3)
<Bounds>: -0.1139526 25.00006 352.2417 0.7670898 25.82779 35.45227
<Frame>: 308 Fence1_(4)
<Bounds>: -0.1139526 25.04291 645.3002 0.7670898 25.82779 35.45227
<Frame>: 309 Fence1_(5)
<Bounds>: -0.1139526 25.13611 714.2606 0.7670898 25.82779 35.45227
<Frame>: 310 Fence1_(1)
<Bounds>: 220.6002 25.00006 1002.914 35.45227 25.8278 0.7670898
<Frame>: 311 Fence1_(2)
<Bounds>: 289.671 25.00006 1002.914 35.45227 25.8278 0.7670898
<Frame>: 312 Fence1_(3)
<Bounds>: 358.7417 25.00006 1002.914 35.45227 25.8278 0.7670898
<Frame>: 313 Fence1_(4)
<Bounds>: 651.8002 25.04291 1002.914 35.45227 25.8278 0.7670898
<Frame>: 314 Fence1_(5)
<Bounds>: 720.7606 25.13611 1002.914 35.45227 25.8278 0.7670898
<Frame>: 315 Fence1_(1)
<Bounds>: 787.3998 25.00006 -1.613953 35.45227 25.8278 0.7670932
<Frame>: 316 Fence1_(2)
<Bounds>: 718.329 25.00006 -1.613953 35.45227 25.8278 0.7670932
<Frame>: 317 Fence1_(3)
<Bounds>: 649.2583 25.00006 -1.613953 35.45227 25.8278 0.7670932
<Frame>: 318 Fence1_(4)
<Bounds>: 356.1998 25.04291 -1.613953 35.45227 25.8278 0.7670932
<Frame>: 319 Fence1_(5)
<Bounds>: 287.2394 25.13611 -1.613953 35.45227 25.8278 0.7670932
