<Frame>: 0 FloorPanel_base
<Bounds>: 503.2153 29.12154 459.744 12.59999 0.613348 12.60001
<Rotation>: (0.00, 180.00, 0.00)
<Frame>: 1 FloorPanel_base_(1)
<Bounds>: 528.4153 29.12154 459.744 12.59998 0.613348 12.60001
<Rotation>: (0.00, 180.00, 0.00)
<Frame>: 2 FloorPanel_base_(2)
<Bounds>: 553.4599 28.96606 459.5885 12.59998 0.613348 12.60001
<Rotation>: (0.00, 180.00, 0.00)
<Frame>: 3 FloorPanel_base_(3)
<Bounds>: 578.5045 28.81059 459.433 12.59998 0.613348 12.60001
<Rotation>: (0.00, 180.00, 0.00)
<Frame>: 4 FloorPanel_base_(4)
<Bounds>: 503.2153 29.12154 434.944 12.59999 0.613348 12.60001
<Rotation>: (0.00, 180.00, 0.00)
<Frame>: 5 FloorPanel_base_(5)
<Bounds>: 528.4153 29.12154 434.944 12.59998 0.613348 12.60001
<Rotation>: (0.00, 180.00, 0.00)
<Frame>: 6 FloorPanel_base_(6)
<Bounds>: 553.4599 28.96606 434.7886 12.59998 0.613348 12.60001
<Rotation>: (0.00, 180.00, 0.00)
<Frame>: 7 FloorPanel_base_(7)
<Bounds>: 578.5045 28.81059 434.6331 12.59998 0.613348 12.60001
<Rotation>: (0.00, 180.00, 0.00)
<Frame>: 8 FloorPanel_base_(8)
<Bounds>: 503.2153 29.12154 410.544 12.59999 0.613348 12.60001
<Rotation>: (0.00, 180.00, 0.00)
<Frame>: 9 FloorPanel_base_(9)
<Bounds>: 528.4153 29.12154 410.544 12.59998 0.613348 12.60001
<Rotation>: (0.00, 180.00, 0.00)
<Frame>: 10 FloorPanel_base_(10)
<Bounds>: 553.4599 28.96606 410.3885 12.59998 0.613348 12.60001
<Rotation>: (0.00, 180.00, 0.00)
<Frame>: 11 FloorPanel_base_(11)
<Bounds>: 578.5045 28.81059 410.2331 12.59998 0.613348 12.60001
<Rotation>: (0.00, 180.00, 0.00)
<Frame>: 12 FloorPanel_base_(12)
<Bounds>: 503.2153 29.12154 385.544 12.59999 0.613348 12.60001
<Rotation>: (0.00, 180.00, 0.00)
<Frame>: 13 FloorPanel_base_(13)
<Bounds>: 528.4153 29.12154 385.544 12.59998 0.613348 12.60001
<Rotation>: (0.00, 180.00, 0.00)
<Frame>: 14 FloorPanel_base_(14)
<Bounds>: 553.4599 28.96606 385.3885 12.59998 0.613348 12.60001
<Rotation>: (0.00, 180.00, 0.00)
<Frame>: 15 FloorPanel_base_(15)
<Bounds>: 578.5045 28.81059 385.2331 12.59998 0.613348 12.60001
<Rotation>: (0.00, 180.00, 0.00)
<Frame>: 16 FloorPanel_base_(16)
<Bounds>: 503.2153 29.12154 360.544 12.59999 0.613348 12.60001
<Rotation>: (0.00, 180.00, 0.00)
<Frame>: 17 FloorPanel_base_(17)
<Bounds>: 528.4153 29.12154 360.544 12.59998 0.613348 12.60001
<Rotation>: (0.00, 180.00, 0.00)
<Frame>: 18 FloorPanel_base_(18)
<Bounds>: 553.4599 28.96606 360.3885 12.59998 0.613348 12.60001
<Rotation>: (0.00, 180.00, 0.00)
<Frame>: 19 FloorPanel_base_(19)
<Bounds>: 578.5045 28.81059 360.2331 12.59998 0.613348 12.60001
<Rotation>: (0.00, 180.00, 0.00)
<Frame>: 20 FloorPanel_base_(20)
<Bounds>: 503.2153 29.12154 335.644 12.59999 0.613348 12.60001
<Rotation>: (0.00, 180.00, 0.00)
<Frame>: 21 FloorPanel_base_(21)
<Bounds>: 528.4153 29.12154 335.644 12.59998 0.613348 12.60001
<Rotation>: (0.00, 180.00, 0.00)
<Frame>: 22 FloorPanel_base_(22)
<Bounds>: 553.4599 28.96606 335.4886 12.59998 0.613348 12.60001
<Rotation>: (0.00, 180.00, 0.00)
<Frame>: 23 FloorPanel_base_(23)
<Bounds>: 578.5045 28.81059 335.3331 12.59998 0.613348 12.60001
<Rotation>: (0.00, 180.00, 0.00)
<Frame>: 24 FloorPanel_base_(24)
<Bounds>: 503.2153 29.12154 310.3995 12.59999 0.613348 12.60001
<Rotation>: (0.00, 180.00, 0.00)
<Frame>: 25 FloorPanel_base_(25)
<Bounds>: 528.4153 29.12154 310.3995 12.59998 0.613348 12.60001
<Rotation>: (0.00, 180.00, 0.00)
<Frame>: 26 FloorPanel_base_(26)
<Bounds>: 553.4599 28.96606 310.244 12.59998 0.613348 12.60001
<Rotation>: (0.00, 180.00, 0.00)
<Frame>: 27 FloorPanel_base_(27)
<Bounds>: 578.5045 28.81059 310.0886 12.59998 0.613348 12.60001
<Rotation>: (0.00, 180.00, 0.00)
<Frame>: 28 FloorPanel_base_(28)
<Bounds>: 478.3263 29.12154 459.744 12.60001 0.613348 12.60001
<Rotation>: (0.00, 180.00, 0.00)
<Frame>: 29 FloorPanel_base_(29)
<Bounds>: 478.3263 29.12154 434.944 12.60001 0.613348 12.60001
<Rotation>: (0.00, 180.00, 0.00)
<Frame>: 30 FloorPanel_base_(30)
<Bounds>: 478.3263 29.12154 410.544 12.60001 0.613348 12.60001
<Rotation>: (0.00, 180.00, 0.00)
<Frame>: 31 FloorPanel_base_(31)
<Bounds>: 478.3263 29.12154 385.544 12.60001 0.613348 12.60001
<Rotation>: (0.00, 180.00, 0.00)
<Frame>: 32 FloorPanel_base_(32)
<Bounds>: 478.3263 29.12154 360.544 12.60001 0.613348 12.60001
<Rotation>: (0.00, 180.00, 0.00)
<Frame>: 33 FloorPanel_base_(33)
<Bounds>: 478.3263 29.12154 335.644 12.60001 0.613348 12.60001
<Rotation>: (0.00, 180.00, 0.00)
<Frame>: 34 FloorPanel_base_(34)
<Bounds>: 478.3263 29.12154 310.3995 12.60001 0.613348 12.60001
<Rotation>: (0.00, 180.00, 0.00)
<Frame>: 35 TrapShield_1L_(20)
<Bounds>: 582.3676 5.449792 443.1647 0.5575562 4.94774 12.77948
<Rotation>: (0.00, 0.00, 0.00)
<Frame>: 36 TrapShield_1L_(21)
<Bounds>: 582.3676 5.449792 418.5328 0.5575562 4.94774 12.77948
<Rotation>: (0.00, 0.00, 0.00)
<Frame>: 37 TrapShield_1L_(22)
<Bounds>: 582.3676 5.449792 393.9009 0.5575562 4.94774 12.77948
<Rotation>: (0.00, 0.00, 0.00)
<Frame>: 38 TrapShield_1L_(23)
<Bounds>: 582.3676 5.449792 369.269 0.5575562 4.94774 12.77948
<Rotation>: (0.00, 0.00, 0.00)
<Frame>: 39 TrapShield_1L_(24)
<Bounds>: 582.3676 5.449792 344.6371 0.5575562 4.94774 12.77948
<Rotation>: (0.00, 0.00, 0.00)
<Frame>: 40 TrapShield_1L_(25)
<Bounds>: 582.3676 5.449792 320.0052 0.5575562 4.94774 12.77948
<Rotation>: (0.00, 0.00, 0.00)
<Frame>: 41 TrapShield_1L_(26)
<Bounds>: 566.2354 5.449791 303.3579 12.77948 4.947741 0.5575562
<Rotation>: (0.00, 90.00, 0.00)
<Frame>: 42 TrapShield_1L_(27)
<Bounds>: 541.6035 5.449791 303.3579 12.77948 4.947741 0.5575562
<Rotation>: (0.00, 90.00, 0.00)
<Frame>: 43 TrapShield_1L_(28)
<Bounds>: 516.9716 5.449791 303.3579 12.7795 4.947741 0.5575562
<Rotation>: (0.00, 90.00, 0.00)
<Frame>: 44 TrapShield_1L_(29)
<Bounds>: 492.3396 5.449791 303.3579 12.77951 4.947741 0.5575562
<Rotation>: (0.00, 90.00, 0.00)
<Frame>: 45 TrapShield_1L_(30)
<Bounds>: 475.6923 5.449792 442.6867 0.5575562 4.94774 12.77948
<Rotation>: (0.00, 180.00, 0.00)
<Frame>: 46 TrapShield_1L_(31)
<Bounds>: 475.6923 5.449792 418.0549 0.5575562 4.94774 12.77948
<Rotation>: (0.00, 180.00, 0.00)
<Frame>: 47 TrapShield_1L_(32)
<Bounds>: 475.6923 5.449792 393.423 0.5575562 4.94774 12.77948
<Rotation>: (0.00, 180.00, 0.00)
<Frame>: 48 TrapShield_1L_(33)
<Bounds>: 475.6923 5.449792 368.791 0.5575562 4.94774 12.77948
<Rotation>: (0.00, 180.00, 0.00)
<Frame>: 49 TrapShield_1L_(34)
<Bounds>: 475.6923 5.449792 344.1591 0.5575562 4.94774 12.77948
<Rotation>: (0.00, 180.00, 0.00)
<Frame>: 50 TrapShield_1L_(36)
<Bounds>: 541.0884 5.449791 459.3341 12.77948 4.947741 0.5575562
<Rotation>: (0.00, 270.00, 0.00)
<Frame>: 51 TrapShield_1L_(37)
<Bounds>: 516.4564 5.449791 459.3341 12.7795 4.947741 0.5575562
<Rotation>: (0.00, 270.00, 0.00)
<Frame>: 52 TrapShield_1L_(38)
<Bounds>: 491.8245 5.449791 459.3341 12.77951 4.947741 0.5575562
<Rotation>: (0.00, 270.00, 0.00)
<Frame>: 53 TrapShield_1L_(35)
<Bounds>: 582.5897 14.96001 443.387 0.5575562 4.94774 12.77948
<Rotation>: (0.00, 0.00, 0.00)
<Frame>: 54 TrapShield_1L_(39)
<Bounds>: 582.5897 14.96001 418.7551 0.5575562 4.94774 12.77948
<Rotation>: (0.00, 0.00, 0.00)
<Frame>: 55 TrapShield_1L_(40)
<Bounds>: 582.5897 14.96001 394.1232 0.5575562 4.94774 12.77948
<Rotation>: (0.00, 0.00, 0.00)
<Frame>: 56 TrapShield_1L_(41)
<Bounds>: 582.5897 14.96001 369.4913 0.5575562 4.94774 12.77948
<Rotation>: (0.00, 0.00, 0.00)
<Frame>: 57 TrapShield_1L_(42)
<Bounds>: 582.5897 14.96001 344.8594 0.5575562 4.94774 12.77948
<Rotation>: (0.00, 0.00, 0.00)
<Frame>: 58 TrapShield_1L_(43)
<Bounds>: 582.5897 14.96001 320.2275 0.5575562 4.94774 12.77948
<Rotation>: (0.00, 0.00, 0.00)
<Frame>: 59 TrapShield_1L_(44)
<Bounds>: 566.4576 14.96001 303.5801 12.77948 4.947741 0.5575562
<Rotation>: (0.00, 90.00, 0.00)
<Frame>: 60 TrapShield_1L_(45)
<Bounds>: 541.8257 14.96001 303.5801 12.77948 4.947741 0.5575562
<Rotation>: (0.00, 90.00, 0.00)
<Frame>: 61 TrapShield_1L_(46)
<Bounds>: 517.1937 14.96001 303.5801 12.7795 4.947741 0.5575562
<Rotation>: (0.00, 90.00, 0.00)
<Frame>: 62 TrapShield_1L_(47)
<Bounds>: 492.5619 14.96001 303.5801 12.77951 4.947741 0.5575562
<Rotation>: (0.00, 90.00, 0.00)
<Frame>: 63 TrapShield_1L_(48)
<Bounds>: 475.9146 14.96001 442.909 0.5575562 4.94774 12.77948
<Rotation>: (0.00, 180.00, 0.00)
<Frame>: 64 TrapShield_1L_(49)
<Bounds>: 475.9146 14.96001 418.2771 0.5575562 4.94774 12.77948
<Rotation>: (0.00, 180.00, 0.00)
<Frame>: 65 TrapShield_1L_(50)
<Bounds>: 475.9146 14.96001 393.6452 0.5575562 4.94774 12.77948
<Rotation>: (0.00, 180.00, 0.00)
<Frame>: 66 TrapShield_1L_(51)
<Bounds>: 475.9146 14.96001 369.0133 0.5575562 4.94774 12.77948
<Rotation>: (0.00, 180.00, 0.00)
<Frame>: 67 TrapShield_1L_(52)
<Bounds>: 475.9146 14.96001 344.3814 0.5575562 4.94774 12.77948
<Rotation>: (0.00, 180.00, 0.00)
<Frame>: 68 TrapShield_1L_(53)
<Bounds>: 541.3105 14.96001 459.5563 12.77948 4.947741 0.5575562
<Rotation>: (0.00, 270.00, 0.00)
<Frame>: 69 TrapShield_1L_(54)
<Bounds>: 516.6786 14.96001 459.5563 12.7795 4.947741 0.5575562
<Rotation>: (0.00, 270.00, 0.00)
<Frame>: 70 TrapShield_1L_(55)
<Bounds>: 492.0468 14.96001 459.5563 12.77951 4.947741 0.5575562
<Rotation>: (0.00, 270.00, 0.00)
<Frame>: 71 TrapShield_1L_(56)
<Bounds>: 582.5897 24.44979 443.387 0.5575562 4.947741 12.77948
<Rotation>: (0.00, 0.00, 0.00)
<Frame>: 72 TrapShield_1L_(57)
<Bounds>: 582.5897 24.44979 418.7551 0.5575562 4.947741 12.77948
<Rotation>: (0.00, 0.00, 0.00)
<Frame>: 73 TrapShield_1L_(58)
<Bounds>: 582.5897 24.44979 394.1232 0.5575562 4.947741 12.77948
<Rotation>: (0.00, 0.00, 0.00)
<Frame>: 74 TrapShield_1L_(59)
<Bounds>: 582.5897 24.44979 369.4913 0.5575562 4.947741 12.77948
<Rotation>: (0.00, 0.00, 0.00)
<Frame>: 75 TrapShield_1L_(60)
<Bounds>: 582.5897 24.44979 344.8594 0.5575562 4.947741 12.77948
<Rotation>: (0.00, 0.00, 0.00)
<Frame>: 76 TrapShield_1L_(61)
<Bounds>: 582.5897 24.44979 320.2275 0.5575562 4.947741 12.77948
<Rotation>: (0.00, 0.00, 0.00)
<Frame>: 77 TrapShield_1L_(62)
<Bounds>: 566.4576 24.44979 303.5801 12.77948 4.947741 0.5575562
<Rotation>: (0.00, 90.00, 0.00)
<Frame>: 78 TrapShield_1L_(63)
<Bounds>: 541.8257 24.44979 303.5801 12.77948 4.947741 0.5575562
<Rotation>: (0.00, 90.00, 0.00)
<Frame>: 79 TrapShield_1L_(64)
<Bounds>: 517.1937 24.44979 303.5801 12.7795 4.947741 0.5575562
<Rotation>: (0.00, 90.00, 0.00)
<Frame>: 80 TrapShield_1L_(65)
<Bounds>: 492.5619 24.44979 303.5801 12.77951 4.947741 0.5575562
<Rotation>: (0.00, 90.00, 0.00)
<Frame>: 81 TrapShield_1L_(66)
<Bounds>: 475.9146 24.44979 442.909 0.5575562 4.947741 12.77948
<Rotation>: (0.00, 180.00, 0.00)
<Frame>: 82 TrapShield_1L_(67)
<Bounds>: 475.9146 24.44979 418.2771 0.5575562 4.947741 12.77948
<Rotation>: (0.00, 180.00, 0.00)
<Frame>: 83 TrapShield_1L_(68)
<Bounds>: 475.9146 24.44979 393.6452 0.5575562 4.947741 12.77948
<Rotation>: (0.00, 180.00, 0.00)
<Frame>: 84 TrapShield_1L_(69)
<Bounds>: 475.9146 24.44979 369.0133 0.5575562 4.947741 12.77948
<Rotation>: (0.00, 180.00, 0.00)
<Frame>: 85 TrapShield_1L_(70)
<Bounds>: 475.9146 24.44979 344.3814 0.5575562 4.947741 12.77948
<Rotation>: (0.00, 180.00, 0.00)
<Frame>: 86 TrapShield_1L_(71)
<Bounds>: 541.3105 24.44979 459.5563 12.77948 4.947741 0.5575562
<Rotation>: (0.00, 270.00, 0.00)
<Frame>: 87 TrapShield_1L_(72)
<Bounds>: 516.6786 24.44979 459.5563 12.7795 4.947741 0.5575562
<Rotation>: (0.00, 270.00, 0.00)
<Frame>: 88 TrapShield_1L_(73)
<Bounds>: 492.0468 24.44979 459.5563 12.77951 4.947741 0.5575562
<Rotation>: (0.00, 270.00, 0.00)
<Frame>: 89 Middle_Container
<Bounds>: 301.1179 6.139459 165.9199 8.124054 6.154553 5.801025
<Rotation>: (0.00, 0.00, 0.00)
<Frame>: 90 Middle_Container_(1)
<Bounds>: 301.1179 17.13945 165.9199 8.124054 6.154554 5.801025
<Rotation>: (0.00, 0.00, 0.00)
<Frame>: 91 Middle_Container_(2)
<Bounds>: 334.5179 6.139459 165.9199 8.124054 6.154553 5.801025
<Rotation>: (0.00, 0.00, 0.00)
<Frame>: 92 Middle_Container_(3)
<Bounds>: 334.5179 17.13945 165.9199 8.124054 6.154554 5.801025
<Rotation>: (0.00, 0.00, 0.00)
<Frame>: 93 Middle_Container_(4)
<Bounds>: 312.2179 6.139459 165.9199 8.124054 6.154553 5.801025
<Rotation>: (0.00, 0.00, 0.00)
<Frame>: 94 Middle_Container_(5)
<Bounds>: 312.2179 17.13945 165.9199 8.124054 6.154554 5.801025
<Rotation>: (0.00, 0.00, 0.00)
<Frame>: 95 Middle_Container_(6)
<Bounds>: 262.8379 6.139459 165.9199 8.124054 6.154553 5.801025
<Rotation>: (0.00, 0.00, 0.00)
<Frame>: 96 Middle_Container_(7)
<Bounds>: 262.8379 17.13945 165.9199 8.124054 6.154554 5.801025
<Rotation>: (0.00, 0.00, 0.00)
<Frame>: 97 Middle_Container_(8)
<Bounds>: 231.9079 6.139459 165.9199 8.124054 6.154553 5.801025
<Rotation>: (0.00, 0.00, 0.00)
<Frame>: 98 Middle_Container_(9)
<Bounds>: 231.9079 17.13945 165.9199 8.124054 6.154554 5.801025
<Rotation>: (0.00, 0.00, 0.00)
<Frame>: 99 Middle_Container_(10)
<Bounds>: 188.418 17.13945 165.9199 8.124054 6.154554 5.801025
<Rotation>: (0.00, 0.00, 0.00)
<Frame>: 100 Middle_Container_(11)
<Bounds>: 157.5179 6.139459 165.9199 8.124054 6.154553 5.801025
<Rotation>: (0.00, 0.00, 0.00)
<Frame>: 101 Middle_Container_(12)
<Bounds>: 157.5179 17.13945 165.9199 8.124054 6.154554 5.801025
<Rotation>: (0.00, 0.00, 0.00)
<Frame>: 102 Middle_Container_(13)
<Bounds>: 188.1179 6.139459 165.9199 8.124054 6.154553 5.801025
<Rotation>: (0.00, 0.00, 0.00)
<Frame>: 103 Middle_Container_(14)
<Bounds>: 184.9179 6.139459 246.8199 8.124054 6.154553 5.801025
<Rotation>: (0.00, 0.00, 0.00)
<Frame>: 104 Middle_Container_(15)
<Bounds>: 184.9179 17.13946 246.8199 8.124054 6.154554 5.801025
<Rotation>: (0.00, 0.00, 0.00)
<Frame>: 105 Middle_Container_(16)
<Bounds>: 184.9179 6.139459 234.8199 8.124054 6.154553 5.801025
<Rotation>: (0.00, 0.00, 0.00)
<Frame>: 106 Big_Container_Low
<Bounds>: 101.674 12.71292 94.67007 25.77994 11.60097 12.88997
<Rotation>: (0.00, 180.00, 0.00)
<Frame>: 107 Big_Container_Low
<Bounds>: 101.674 12.71292 146.8701 25.77994 11.60097 12.88997
<Rotation>: (0.00, 180.00, 0.00)
<Frame>: 108 Big_Container_Low
<Bounds>: 101.674 12.71292 184.6701 25.77994 11.60097 12.88997
<Rotation>: (0.00, 180.00, 0.00)
<Frame>: 109 Big_Container_Low
<Bounds>: 101.674 12.71292 237.0701 25.77994 11.60097 12.88997
<Rotation>: (0.00, 180.00, 0.00)
<Frame>: 110 Big_Container_Low
<Bounds>: 101.674 12.71292 287.7701 25.77994 11.60097 12.88998
<Rotation>: (0.00, 180.00, 0.00)
<Frame>: 111 Big_Container_Low
<Bounds>: 101.674 12.71292 319.6701 25.77994 11.60097 12.88998
<Rotation>: (0.00, 180.00, 0.00)
<Frame>: 112 Big_Container_Low
<Bounds>: 101.674 12.71292 371.9701 25.77994 11.60097 12.88998
<Rotation>: (0.00, 180.00, 0.00)
<Frame>: 113 Big_Container_Low
<Bounds>: 101.674 12.71292 401.6701 25.77994 11.60097 12.88998
<Rotation>: (0.00, 180.00, 0.00)
<Frame>: 114 Big_Container_Low
<Bounds>: 174.374 12.71292 94.67007 25.77994 11.60097 12.88997
<Rotation>: (0.00, 180.00, 0.00)
<Frame>: 115 Big_Container_Low
<Bounds>: 174.374 12.71292 146.8701 25.77994 11.60097 12.88997
<Rotation>: (0.00, 180.00, 0.00)
<Frame>: 116 Big_Container_Low
<Bounds>: 174.374 12.71292 184.6701 25.77994 11.60097 12.88997
<Rotation>: (0.00, 180.00, 0.00)
<Frame>: 117 Big_Container_Low
<Bounds>: 174.374 12.71292 287.7701 25.77994 11.60097 12.88998
<Rotation>: (0.00, 180.00, 0.00)
<Frame>: 118 Big_Container_Low
<Bounds>: 174.374 12.71292 319.6701 25.77994 11.60097 12.88998
<Rotation>: (0.00, 180.00, 0.00)
<Frame>: 119 Big_Container_Low
<Bounds>: 174.374 12.71292 371.9701 25.77994 11.60097 12.88998
<Rotation>: (0.00, 180.00, 0.00)
<Frame>: 120 Big_Container_Low
<Bounds>: 174.374 12.71292 401.6701 25.77994 11.60097 12.88998
<Rotation>: (0.00, 180.00, 0.00)
<Frame>: 121 Big_Container_Low
<Bounds>: 245.774 11.31292 146.8701 25.77994 11.60097 12.88997
<Rotation>: (0.00, 180.00, 0.00)
<Frame>: 122 Big_Container_Low
<Bounds>: 245.774 11.31292 184.6701 25.77994 11.60097 12.88997
<Rotation>: (0.00, 180.00, 0.00)
<Frame>: 123 Big_Container_Low
<Bounds>: 245.774 11.31292 237.0701 25.77994 11.60097 12.88997
<Rotation>: (0.00, 180.00, 0.00)
<Frame>: 124 Big_Container_Low
<Bounds>: 245.774 11.31292 287.7701 25.77994 11.60097 12.88998
<Rotation>: (0.00, 180.00, 0.00)
<Frame>: 125 Big_Container_Low
<Bounds>: 245.774 11.31292 319.6701 25.77994 11.60097 12.88998
<Rotation>: (0.00, 180.00, 0.00)
<Frame>: 126 Big_Container_Low
<Bounds>: 245.774 11.31292 371.9701 25.77994 11.60097 12.88998
<Rotation>: (0.00, 180.00, 0.00)
<Frame>: 127 Big_Container_Low
<Bounds>: 245.774 11.31292 401.6701 25.77994 11.60097 12.88998
<Rotation>: (0.00, 180.00, 0.00)
<Frame>: 128 Big_Container_Low
<Bounds>: 245.774 33.0129 319.6701 25.77994 11.60097 12.88998
<Rotation>: (0.00, 180.00, 0.00)
<Frame>: 129 Big_Container_Low
<Bounds>: 245.774 32.61291 287.7701 25.77994 11.60097 12.88998
<Rotation>: (0.00, 180.00, 0.00)
<Frame>: 130 Big_Container_Low
<Bounds>: 245.5378 37.21291 380.5574 21.77445 11.60097 28.75037
<Rotation>: (0.00, 112.50, 0.00)
<Frame>: 131 Big_Container_Low
<Bounds>: 320.174 13.41293 94.67007 25.77994 11.60097 12.88997
<Rotation>: (0.00, 180.00, 0.00)
<Frame>: 132 Big_Container_Low
<Bounds>: 320.174 13.41293 146.8701 25.77994 11.60097 12.88997
<Rotation>: (0.00, 180.00, 0.00)
<Frame>: 133 Big_Container_Low
<Bounds>: 320.174 13.41293 184.6701 25.77994 11.60097 12.88997
<Rotation>: (0.00, 180.00, 0.00)
<Frame>: 134 Big_Container_Low
<Bounds>: 320.174 13.41293 237.0701 25.77994 11.60097 12.88997
<Rotation>: (0.00, 180.00, 0.00)
<Frame>: 135 Big_Container_Low
<Bounds>: 320.174 13.41293 287.7701 25.77994 11.60097 12.88998
<Rotation>: (0.00, 180.00, 0.00)
<Frame>: 136 Big_Container_Low
<Bounds>: 320.174 13.41293 319.6701 25.77994 11.60097 12.88998
<Rotation>: (0.00, 180.00, 0.00)
<Frame>: 137 Big_Container_Low
<Bounds>: 320.174 13.41293 371.9701 25.77994 11.60097 12.88998
<Rotation>: (0.00, 180.00, 0.00)
<Frame>: 138 Big_Container_Low
<Bounds>: 320.174 13.41293 401.6701 25.77994 11.60097 12.88998
<Rotation>: (0.00, 180.00, 0.00)
<Frame>: 139 Big_Container_Low
<Bounds>: 321.5741 33.41293 287.7701 25.77994 11.60097 12.88998
<Rotation>: (0.00, 180.00, 0.00)
<Frame>: 140 Big_Container_Low
<Bounds>: 398.074 12.71292 94.67007 25.77994 11.60097 12.88997
<Rotation>: (0.00, 180.00, 0.00)
<Frame>: 141 Big_Container_Low
<Bounds>: 398.074 12.71292 146.8701 25.77994 11.60097 12.88997
<Rotation>: (0.00, 180.00, 0.00)
<Frame>: 142 Big_Container_Low
<Bounds>: 398.074 12.71292 237.0701 25.77994 11.60097 12.88997
<Rotation>: (0.00, 180.00, 0.00)
<Frame>: 143 Big_Container_Low
<Bounds>: 398.074 12.71292 296.0701 25.77994 11.60097 12.88998
<Rotation>: (0.00, 180.00, 0.00)
<Frame>: 144 Big_Container_Low
<Bounds>: 398.074 12.71292 351.8701 25.77994 11.60097 12.88998
<Rotation>: (0.00, 180.00, 0.00)
<Frame>: 145 Big_Container_Low
<Bounds>: 398.074 12.71292 405.8701 25.77994 11.60097 12.88998
<Rotation>: (0.00, 180.00, 0.00)
<Frame>: 146 Big_Container_Low
<Bounds>: 471.8741 12.71292 94.67007 25.77994 11.60097 12.88997
<Rotation>: (0.00, 180.00, 0.00)
<Frame>: 147 Big_Container_Low
<Bounds>: 471.8741 12.71292 146.3701 25.77994 11.60097 12.88997
<Rotation>: (0.00, 180.00, 0.00)
<Frame>: 148 Big_Container_Low
<Bounds>: 471.8741 12.71292 204.6701 25.77994 11.60097 12.88997
<Rotation>: (0.00, 180.00, 0.00)
<Frame>: 149 Big_Container_Low
<Bounds>: 471.8741 12.71292 237.0701 25.77994 11.60097 12.88997
<Rotation>: (0.00, 180.00, 0.00)
<Frame>: 150 Big_Container_Low
<Bounds>: 548.7741 12.71292 94.67007 25.77991 11.60097 12.88997
<Rotation>: (0.00, 180.00, 0.00)
<Frame>: 151 Big_Container_Low
<Bounds>: 548.7742 12.71292 204.6701 25.77991 11.60097 12.88997
<Rotation>: (0.00, 180.00, 0.00)
<Frame>: 152 Big_Container_Low
<Bounds>: 548.7742 12.71292 237.0701 25.77991 11.60097 12.88997
<Rotation>: (0.00, 180.00, 0.00)
<Frame>: 153 Big_Container_Low
<Bounds>: 606.6741 13.61291 92.87009 25.77991 11.60097 12.88997
<Rotation>: (0.00, 180.00, 0.00)
<Frame>: 154 Big_Container_Low
<Bounds>: 166.7537 39.31292 161.0672 14.68561 11.60097 26.62909
<Rotation>: (0.00, 94.07, 0.00)
<Frame>: 155 Big_Container_Low
<Bounds>: 234.758 39.31292 161.0714 13.66251 11.60097 26.15739
<Rotation>: (0.00, 88.27, 0.00)
<Frame>: 156 Big_Container_Low
<Bounds>: 321.0666 39.31292 159.6833 19.58987 11.60097 28.35722
<Rotation>: (0.00, 73.75, 0.00)
