<Frame>: 0 Big_Container_low_10
<Bounds>: 188.9686 13.30196 372.6579 14.13675 13.40197 25.85791
<Rotation>: (0.00, 90.00, 0.00)
<Frame>: 1 Big_Container_low_10
<Bounds>: 217.8687 13.30196 372.6579 14.13675 13.40197 25.85791
<Rotation>: (0.00, 90.00, 0.00)
<Frame>: 2 Big_Container_low_10
<Bounds>: 188.5686 13.30196 320.7579 14.13675 13.40197 25.85788
<Rotation>: (0.00, 90.00, 0.00)
<Frame>: 3 Big_Container_low_10
<Bounds>: 161.0686 13.30196 320.7579 14.13675 13.40197 25.85788
<Rotation>: (0.00, 90.00, 0.00)
<Frame>: 4 Big_Container_low_10
<Bounds>: 153.0421 13.30196 282.0687 25.85788 13.40197 14.13675
<Rotation>: (0.00, 0.00, 0.00)
<Frame>: 5 Big_Container_low_10
<Bounds>: 295.7421 13.30196 304.0687 25.85788 13.40197 14.13675
<Rotation>: (0.00, 0.00, 0.00)
<Frame>: 6 Big_Container_low_10
<Bounds>: 246.0421 13.30196 123.0687 25.85788 13.40197 14.13675
<Rotation>: (0.00, 0.00, 0.00)
<Frame>: 7 Big_Container_low_10
<Bounds>: 161.7421 13.30196 18.96866 25.85788 13.40197 14.13675
<Rotation>: (0.00, 0.00, 0.00)
<Frame>: 8 Power_Dot_(4)
<Bounds>: 314.2 8.063272 12.00003 12.18585 8.071798 6.543991
<Rotation>: (0.00, 90.00, 0.00)
<Frame>: 9 Big_Container_low_10
<Bounds>: 246.0421 13.30196 95.16866 25.85788 13.40197 14.13675
<Rotation>: (0.00, 0.00, 0.00)
<Frame>: 10 Big_Container_low_10
<Bounds>: 111.6421 13.30196 18.96866 25.85788 13.40197 14.13675
<Rotation>: (0.00, 0.00, 0.00)
<Frame>: 11 Big_Container_low_10
<Bounds>: 88.74212 13.30196 105.8687 25.85789 13.40197 14.13675
<Rotation>: (0.00, 0.00, 0.00)
<Frame>: 12 Big_Container_low_10
<Bounds>: 102.2686 13.30196 145.7579 14.13676 13.40197 25.85789
<Rotation>: (0.00, 90.00, 0.00)
<Frame>: 13 Big_Container_low_10
<Bounds>: 100.3686 13.30196 214.4579 14.13676 13.40197 25.85789
<Rotation>: (0.00, 90.00, 0.00)
<Frame>: 14 Middle_Container_(3)
<Bounds>: 76.3 6.139352 198.1686 8.124046 6.154553 5.801025
<Rotation>: (0.00, 0.00, 0.00)
<Frame>: 15 Middle_Container_(4)
<Bounds>: 9.5 6.139352 222.2698 5.801125 6.154553 8.124115
<Rotation>: (0.00, 90.00, 0.00)
<Frame>: 16 Middle_Container_(5)
<Bounds>: 11.5 6.139352 237.9 5.801125 6.154553 8.124115
<Rotation>: (0.00, 90.00, 0.00)
<Frame>: 17 Middle_Container_(6)
<Bounds>: 11.5 18.93935 237.9 5.801125 6.154554 8.124115
<Rotation>: (0.00, 90.00, 0.00)
<Frame>: 18 Big_Container_low_10
<Bounds>: 302.6421 37.90196 510.2687 25.85788 13.40197 14.13673
<Rotation>: (0.00, 0.00, 0.00)
<Frame>: 19 Big_Container_low_10
<Bounds>: 302.6421 13.30196 510.5687 25.85788 13.40197 14.13673
<Rotation>: (0.00, 0.00, 0.00)
<Frame>: 20 Big_Container_low_10
<Bounds>: 89.26865 13.30196 561.7579 14.13676 13.40197 25.85791
<Rotation>: (0.00, 90.00, 0.00)
<Frame>: 21 fence_base_LOD0
<Bounds>: 229.9051 9.531813 577.6042 12.26192 9.53182 12.30249
<Rotation>: (0.00, 0.00, 0.00)
<Frame>: 22 fence_stand_small_LOD0
<Bounds>: 225.3103 22.5 620.4664 8.828232 22.5 29.96637
<Rotation>: (0.00, 0.00, 0.00)
<Frame>: 23 fence_stand_small_LOD0_(1)
<Bounds>: 134.5664 22.5 577.0897 29.9664 22.50001 8.828247
<Rotation>: (0.00, 90.00, 0.00)
<Frame>: 24 fence_stand_small_LOD0_(2)
<Bounds>: 134.5664 22.5 577.0897 29.9664 22.50001 8.828247
<Rotation>: (0.00, 90.00, 0.00)
<Frame>: 25 Power_Dot_(2)
<Bounds>: 220 8.063272 469.7 12.18584 8.071798 6.543976
<Rotation>: (0.00, 90.00, 0.00)
<Frame>: 26 Power_Dot_(1)
<Bounds>: 185.634 8.063273 286.0758 6.543991 8.071797 12.18582
<Rotation>: (0.00, 0.00, 0.00)
<Frame>: 27 Power_Dot
<Bounds>: 140.6 8.063273 143.5031 6.543991 8.071797 12.18584
<Rotation>: (0.00, 0.00, 0.00)
<Frame>: 28 Middle_Container_(1)
<Bounds>: 76.3 6.139352 211.7 8.124046 6.154553 5.801025
<Rotation>: (0.00, 0.00, 0.00)
<Frame>: 29 Middle_Container_(1)
<Bounds>: 109.3 6.139352 592.4452 8.124046 6.154553 5.801025
<Rotation>: (0.00, 0.00, 0.00)
<Frame>: 30 Barrel_(4)
<Bounds>: 124.9 4.475864 597.4855 3.155872 4.439131 3.155884
<Rotation>: (0.00, 0.00, 0.00)
<Frame>: 31 Barrel_(5)
<Bounds>: 132.0159 4.475864 597.08 3.155869 4.439131 3.155884
<Rotation>: (0.00, 0.00, 0.00)
<Frame>: 32 Barrel_(6)
<Bounds>: 124.9 4.475864 604.58 3.155872 4.439131 3.155884
<Rotation>: (0.00, 0.00, 0.00)
<Frame>: 33 Barrel_(7)
<Bounds>: 132.0159 4.475864 604.1746 3.155869 4.439131 3.155884
<Rotation>: (0.00, 0.00, 0.00)
<Frame>: 34 Barrel_(3)
<Bounds>: 124.9 4.475864 589.9263 3.155872 4.439131 3.155884
<Rotation>: (0.00, 0.00, 0.00)
<Frame>: 35 Barrel_(2)
<Bounds>: 132.0159 4.475864 589.5207 3.155869 4.439131 3.155884
<Rotation>: (0.00, 0.00, 0.00)
<Frame>: 36 Barrel_(1)
<Bounds>: 2.899994 4.475864 565.0142 3.155871 4.439131 3.155884
<Rotation>: (0.00, 0.00, 0.00)
<Frame>: 37 Barrel
<Bounds>: 4 4.475864 557.7269 3.155871 4.439131 3.155884
<Rotation>: (0.00, 0.00, 0.00)
<Frame>: 38 Middle_Container
<Bounds>: 312.2638 6.139352 324.1 8.124054 6.154553 5.801025
<Rotation>: (0.00, 0.00, 0.00)
<Frame>: 39 Middle_Container_(2)
<Bounds>: 109.3 6.139352 603.6 8.124046 6.154553 5.801025
<Rotation>: (0.00, 0.00, 0.00)
<Frame>: 40 Power_Dot_(3)
<Bounds>: 7.300003 8.063273 637.7 6.543987 8.071797 12.18585
<Rotation>: (0.00, 0.00, 0.00)
<Frame>: 41 Power_Dot_(5)
<Bounds>: 84.10001 8.063273 291 6.543983 8.071797 12.18582
<Rotation>: (0.00, 0.00, 0.00)
<Frame>: 42 Power_Dot_(6)
<Bounds>: 84.10001 8.063273 316.2 6.543983 8.071797 12.18582
<Rotation>: (0.00, 0.00, 0.00)
<Frame>: 43 Big_Container_low_10
<Bounds>: 19.26865 13.30196 274.4579 14.13676 13.40197 25.8579
<Rotation>: (0.00, 90.00, 0.00)
<Frame>: 44 Big_Container_low_10
<Bounds>: 81.04212 13.30196 414.0687 25.85789 13.40197 14.13675
<Rotation>: (0.00, 0.00, 0.00)
<Frame>: 45 Big_Container_low_10
<Bounds>: 310.5687 13.30196 428.5579 14.13675 13.40197 25.85788
<Rotation>: (0.00, 90.00, 0.00)
<Frame>: 46 Power_Dot_(7)
<Bounds>: 245.5 8.063272 468.4 12.18584 8.071798 6.543976
<Rotation>: (0.00, 90.00, 0.00)
<Frame>: 47 Middle_Container_(7)
<Bounds>: 292.8 6.139352 324.1 8.124054 6.154553 5.801025
<Rotation>: (0.00, 0.00, 0.00)
<Frame>: 48 Middle_Container_(8)
<Bounds>: 314.1 6.139352 397.7 8.124054 6.154553 5.801025
<Rotation>: (0.00, 0.00, 0.00)
<Frame>: 49 Big_Container_low_10
<Bounds>: 249.1421 13.30196 510.5687 25.85788 13.40197 14.13673
<Rotation>: (0.00, 0.00, 0.00)
<Frame>: 50 Middle_Container_(9)
<Bounds>: 314.1 6.139352 639.3 8.124054 6.154553 5.801025
<Rotation>: (0.00, 0.00, 0.00)
<Frame>: 51 Middle_Container_(10)
<Bounds>: 296.2 6.139352 639.3 8.124054 6.154553 5.801025
<Rotation>: (0.00, 0.00, 0.00)
<Frame>: 52 Middle_Container_(11)
<Bounds>: 314.1 17.83935 639.3 8.124054 6.154554 5.801025
<Rotation>: (0.00, 0.00, 0.00)
<Frame>: 53 Middle_Container_(12)
<Bounds>: 279.8 6.139352 639.3 8.124054 6.154553 5.801025
<Rotation>: (0.00, 0.00, 0.00)
<Frame>: 54 Middle_Container_(13)
<Bounds>: 314.1 6.139352 625.6 8.124054 6.154553 5.801025
<Rotation>: (0.00, 0.00, 0.00)
<Frame>: 55 Middle_Container_(14)
<Bounds>: 241.8 6.139352 639.3 5.801025 6.154555 8.124023
<Rotation>: (0.00, 90.00, 0.00)
<Frame>: 56 Middle_Container_(15)
<Bounds>: 314.1 6.139352 611.7 8.124054 6.154553 5.801025
<Rotation>: (0.00, 0.00, 0.00)
<Frame>: 57 Middle_Container_(16)
<Bounds>: 297 6.139352 625.6 8.124054 6.154553 5.801025
<Rotation>: (0.00, 0.00, 0.00)
<Frame>: 58 Middle_Container_(17)
<Bounds>: 314.1 18.63935 625.6 8.124054 6.154554 5.801025
<Rotation>: (0.00, 0.00, 0.00)
<Frame>: 59 Middle_Container_(18)
<Bounds>: 321 6.139352 533.3 5.801025 6.154555 8.124023
<Rotation>: (0.00, 90.00, 0.00)
<Frame>: 60 Middle_Container_(19)
<Bounds>: 305.2 6.139352 533.3 5.801025 6.154555 8.124023
<Rotation>: (0.00, 90.00, 0.00)
<Frame>: 61 fence_stand_small_LOD0_(3)
<Bounds>: 302.6664 22.5 181.6897 29.9664 22.50001 8.828232
<Rotation>: (0.00, 90.00, 0.00)
<Frame>: 62 fence_stand_small_LOD0_(4)
<Bounds>: 279.7103 22.5 142.5664 8.828217 22.5 29.96638
<Rotation>: (0.00, 0.00, 0.00)
<Frame>: 63 fence_stand_small_LOD0_(5)
<Bounds>: 146.3664 22.5 181.6897 29.96641 22.50001 8.828232
<Rotation>: (0.00, 90.00, 0.00)
<Frame>: 64 fence_stand_small_LOD0_(6)
<Bounds>: 123.4103 22.5 142.5664 8.828228 22.5 29.96638
<Rotation>: (0.00, 0.00, 0.00)
<Frame>: 65 fence_base_LOD0_(1)
<Bounds>: 128.4051 9.531813 99.6042 12.26192 9.53182 12.30246
<Rotation>: (0.00, 0.00, 0.00)
<Frame>: 66 fence_stand_small_LOD0_(7)
<Bounds>: 86.23362 22.5 182.3103 29.96641 22.50001 8.828232
<Rotation>: (0.00, 270.00, 0.00)
<Frame>: 67 fence_stand_small_LOD0_(8)
<Bounds>: 115.1103 22.5 432.2664 8.828224 22.5 29.9664
<Rotation>: (0.00, 0.00, 0.00)
<Frame>: 68 fence_base_LOD0_(2)
<Bounds>: 117.9051 9.531813 554.9042 12.26192 9.53182 12.30249
<Rotation>: (0.00, 0.00, 0.00)
<Frame>: 69 fence_base_LOD0_(3)
<Bounds>: 316.2051 9.531813 464.0042 12.26193 9.53182 12.30246
<Rotation>: (0.00, 0.00, 0.00)
<Frame>: 70 fence_stand_small_LOD0_(9)
<Bounds>: 299.0664 22.5 486.6897 29.9664 22.50001 8.828247
<Rotation>: (0.00, 90.00, 0.00)
<Frame>: 71 fence_stand_small_LOD0_(10)
<Bounds>: 238.4664 22.5 486.6897 29.9664 22.50001 8.828247
<Rotation>: (0.00, 90.00, 0.00)
<Frame>: 72 Capsula_a
<Bounds>: 87.6 12.5 395 5 12.5 5
<Rotation>: (0.00, 90.00, 0.00)
<Frame>: 73 Capsula_a
<Bounds>: 72.8 12.5 395 5 12.5 5
<Rotation>: (0.00, 90.00, 0.00)
<Frame>: 74 Capsula_a
<Bounds>: 57.2 12.5 395 5 12.5 5
<Rotation>: (0.00, 90.00, 0.00)
<Frame>: 75 Capsula_a_(5)
<Bounds>: 248.1 12.5 250.7 5 12.5 5
<Rotation>: (0.00, 90.00, 0.00)
<Frame>: 76 Capsula_a_(6)
<Bounds>: 233.3 12.5 250.7 5 12.5 5
<Rotation>: (0.00, 90.00, 0.00)
<Frame>: 77 Capsula_a_(7)
<Bounds>: 217.7 12.5 250.7 5 12.5 5
<Rotation>: (0.00, 90.00, 0.00)
<Frame>: 78 fence_base_LOD0_(4)
<Bounds>: 93.40513 9.531813 470.5042 12.26192 9.53182 12.30246
<Rotation>: (0.00, 0.00, 0.00)
