<Hierarchy>:
	<Frame>: 0 1 MissionBox_1
		<Transform>: 0 0 0 0 0 89.9643 0.3 7 3 0 0 0.7068865 0.7073271  
		<TransformMatrix>: 0.0001869142 0.3 0 0 -6.999999 0.004361331 0 0 0 0 3 0 0 0 0 1  
		<Mesh>: 24 Cube
			<Positions>: 24 0.5 -0.5 0.5 -0.5 -0.5 0.5 0.5 0.5 0.5 -0.5 0.5 0.5 0.5 0.5 -0.5 -0.5 0.5 -0.5 0.5 -0.5 -0.5 -0.5 -0.5 -0.5 0.5 0.5 0.5 -0.5 0.5 0.5 0.5 0.5 -0.5 -0.5 0.5 -0.5 0.5 -0.5 -0.5 0.5 -0.5 0.5 -0.5 -0.5 0.5 -0.5 -0.5 -0.5 -0.5 -0.5 0.5 -0.5 0.5 0.5 -0.5 0.5 -0.5 -0.5 -0.5 -0.5 0.5 -0.5 -0.5 0.5 0.5 -0.5 0.5 0.5 0.5 0.5 -0.5 0.5  
			<Colors>: 0  
			<TextureCoords0>: 24 0 1 1 1 0 0 1 0 0 0 1 0 0 0 1 0 0 1 1 1 0 1 1 1 0 1 0 0 1 0 1 1 0 1 0 0 1 0 1 1 0 1 0 0 1 0 1 1  
			<TextureCoords1>: 24 0.6909865 0.6528356 0.9966581 0.6528356 0.6909865 0.3471642 0.9966581 0.3471642 0.3097273 0.6528357 0.004055766 0.6528357 0.3471642 0.3471642 0.6528358 0.3471642 0.3097273 0.3471642 0.004055766 0.3471642 0.3471642 0.6528357 0.6528358 0.6528357 0.3471642 0.9959443 0.3471642 0.6902727 0.6528358 0.6902727 0.6528358 0.9959443 0.6902728 0.6902727 0.9959443 0.6902727 0.9959443 0.9959443 0.6902728 0.9959443 0.3097273 0.9959443 0.004055766 0.9959443 0.004055766 0.6902727 0.3097273 0.6902727  
			<Normals>: 24 0 0 1 0 0 1 0 0 1 0 0 1 0 1 0 0 1 0 0 0 -1 0 0 -1 0 1 0 0 1 0 0 0 -1 0 0 -1 0 -1 0 0 -1 0 0 -1 0 0 -1 0 -1 0 0 -1 0 0 -1 0 0 -1 0 0 1 0 0 1 0 0 1 0 0 1 0 0  
			<Tangents>: 24 -1 0 0 -1 0 0 -1 0 0 -1 0 0 -1 0 0 -1 0 0 -1 0 0 -1 0 0 -1 0 0 -1 0 0 -1 0 0 -1 0 0 -1 0 0 -1 0 0 -1 0 0 -1 0 0 0 0 -1 0 0 -1 0 0 -1 0 0 -1 0 0 1 0 0 1 0 0 1 0 0 1  
			<BiTangents>: 24 0 1 0 0 1 0 0 1 0 0 1 0 0 0 -1 0 0 -1 0 -1 0 0 -1 0 0 0 -1 0 0 -1 0 -1 0 0 -1 0 0 0 1 0 0 1 0 0 1 0 0 1 0 1 0 0 1 0 0 1 0 0 1 0 0 1 0 0 1 0 0 1 0 0 1 0  
			<SubMeshes>: 1
				<SubMesh>: 0 36 0 2 3 0 3 1 8 4 5 8 5 9 10 6 7 10 7 11 12 13 14 12 14 15 16 17 18 16 18 19 20 21 22 20 22 23  
		</Mesh>
		<Materials>: 1
			<Material>: 0
				<AlbedoColor>: 1 1 1 1
				<EmissiveColor>: 0 0 0 1
				<Glossiness>: 0.5
				<Metallic>: 0
				<SpecularHighlight>: 1
				<GlossyReflection>: 1
				<AlbedoMap>: green_matrix_material
				<MetallicMap>: null
				<NormalMap>: null
				<EmissionMap>: null
				<DetailAlbedoMap>: null
				<DetailNormalMap>: null
		</Materials>
		<Children>: 4
			<Frame>: 1 0 Cube(2)
				<Transform>: 8.833641 0.4787938 0 0 0 270.0357 0.04285712 16.66652 1 0 0 -0.7068865 0.7073271  
				<TransformMatrix>: 2.670201E-05 -0.04285711 0 0 16.66651 0.01038403 0 0 0 0 1 0 8.833641 0.4787938 0 1  
				<Mesh>: 24 Cube
					<Positions>: 24 0.5 -0.5 0.5 -0.5 -0.5 0.5 0.5 0.5 0.5 -0.5 0.5 0.5 0.5 0.5 -0.5 -0.5 0.5 -0.5 0.5 -0.5 -0.5 -0.5 -0.5 -0.5 0.5 0.5 0.5 -0.5 0.5 0.5 0.5 0.5 -0.5 -0.5 0.5 -0.5 0.5 -0.5 -0.5 0.5 -0.5 0.5 -0.5 -0.5 0.5 -0.5 -0.5 -0.5 -0.5 -0.5 0.5 -0.5 0.5 0.5 -0.5 0.5 -0.5 -0.5 -0.5 -0.5 0.5 -0.5 -0.5 0.5 0.5 -0.5 0.5 0.5 0.5 0.5 -0.5 0.5  
					<Colors>: 0  
					<TextureCoords0>: 24 0 1 1 1 0 0 1 0 0 0 1 0 0 0 1 0 0 1 1 1 0 1 1 1 0 1 0 0 1 0 1 1 0 1 0 0 1 0 1 1 0 1 0 0 1 0 1 1  
					<TextureCoords1>: 24 0.6909865 0.6528356 0.9966581 0.6528356 0.6909865 0.3471642 0.9966581 0.3471642 0.3097273 0.6528357 0.004055766 0.6528357 0.3471642 0.3471642 0.6528358 0.3471642 0.3097273 0.3471642 0.004055766 0.3471642 0.3471642 0.6528357 0.6528358 0.6528357 0.3471642 0.9959443 0.3471642 0.6902727 0.6528358 0.6902727 0.6528358 0.9959443 0.6902728 0.6902727 0.9959443 0.6902727 0.9959443 0.9959443 0.6902728 0.9959443 0.3097273 0.9959443 0.004055766 0.9959443 0.004055766 0.6902727 0.3097273 0.6902727  
					<Normals>: 24 0 0 1 0 0 1 0 0 1 0 0 1 0 1 0 0 1 0 0 0 -1 0 0 -1 0 1 0 0 1 0 0 0 -1 0 0 -1 0 -1 0 0 -1 0 0 -1 0 0 -1 0 -1 0 0 -1 0 0 -1 0 0 -1 0 0 1 0 0 1 0 0 1 0 0 1 0 0  
					<Tangents>: 24 -1 0 0 -1 0 0 -1 0 0 -1 0 0 -1 0 0 -1 0 0 -1 0 0 -1 0 0 -1 0 0 -1 0 0 -1 0 0 -1 0 0 -1 0 0 -1 0 0 -1 0 0 -1 0 0 0 0 -1 0 0 -1 0 0 -1 0 0 -1 0 0 1 0 0 1 0 0 1 0 0 1  
					<BiTangents>: 24 0 1 0 0 1 0 0 1 0 0 1 0 0 0 -1 0 0 -1 0 -1 0 0 -1 0 0 0 -1 0 0 -1 0 -1 0 0 -1 0 0 0 1 0 0 1 0 0 1 0 0 1 0 1 0 0 1 0 0 1 0 0 1 0 0 1 0 0 1 0 0 1 0 0 1 0  
					<SubMeshes>: 1
						<SubMesh>: 0 36 0 2 3 0 3 1 8 4 5 8 5 9 10 6 7 10 7 11 12 13 14 12 14 15 16 17 18 16 18 19 20 21 22 20 22 23  
				</Mesh>
				<Materials>: 1
					<Material>: 0
						<AlbedoColor>: 1 1 1 1
						<EmissiveColor>: 0 0 0 1
						<Glossiness>: 0.5
						<Metallic>: 0
						<SpecularHighlight>: 1
						<GlossyReflection>: 1
						<AlbedoMap>: @green_matrix_material
						<MetallicMap>: null
						<NormalMap>: null
						<EmissionMap>: null
						<DetailAlbedoMap>: null
						<DetailNormalMap>: null
				</Materials>
				<Children>: 0
			</Frame>
			<Frame>: 2 0 Cube_(1)
				<Transform>: 8.83302 -0.4783488 0 0 0 270.0357 0.04285712 16.66652 1 0 0 -0.7068865 0.7073271  
				<TransformMatrix>: 2.670201E-05 -0.04285711 0 0 16.66651 0.01038403 0 0 0 0 1 0 8.83302 -0.4783488 0 1  
				<Mesh>: 24 Cube
					<Positions>: 24 0.5 -0.5 0.5 -0.5 -0.5 0.5 0.5 0.5 0.5 -0.5 0.5 0.5 0.5 0.5 -0.5 -0.5 0.5 -0.5 0.5 -0.5 -0.5 -0.5 -0.5 -0.5 0.5 0.5 0.5 -0.5 0.5 0.5 0.5 0.5 -0.5 -0.5 0.5 -0.5 0.5 -0.5 -0.5 0.5 -0.5 0.5 -0.5 -0.5 0.5 -0.5 -0.5 -0.5 -0.5 -0.5 0.5 -0.5 0.5 0.5 -0.5 0.5 -0.5 -0.5 -0.5 -0.5 0.5 -0.5 -0.5 0.5 0.5 -0.5 0.5 0.5 0.5 0.5 -0.5 0.5  
					<Colors>: 0  
					<TextureCoords0>: 24 0 1 1 1 0 0 1 0 0 0 1 0 0 0 1 0 0 1 1 1 0 1 1 1 0 1 0 0 1 0 1 1 0 1 0 0 1 0 1 1 0 1 0 0 1 0 1 1  
					<TextureCoords1>: 24 0.6909865 0.6528356 0.9966581 0.6528356 0.6909865 0.3471642 0.9966581 0.3471642 0.3097273 0.6528357 0.004055766 0.6528357 0.3471642 0.3471642 0.6528358 0.3471642 0.3097273 0.3471642 0.004055766 0.3471642 0.3471642 0.6528357 0.6528358 0.6528357 0.3471642 0.9959443 0.3471642 0.6902727 0.6528358 0.6902727 0.6528358 0.9959443 0.6902728 0.6902727 0.9959443 0.6902727 0.9959443 0.9959443 0.6902728 0.9959443 0.3097273 0.9959443 0.004055766 0.9959443 0.004055766 0.6902727 0.3097273 0.6902727  
					<Normals>: 24 0 0 1 0 0 1 0 0 1 0 0 1 0 1 0 0 1 0 0 0 -1 0 0 -1 0 1 0 0 1 0 0 0 -1 0 0 -1 0 -1 0 0 -1 0 0 -1 0 0 -1 0 -1 0 0 -1 0 0 -1 0 0 -1 0 0 1 0 0 1 0 0 1 0 0 1 0 0  
					<Tangents>: 24 -1 0 0 -1 0 0 -1 0 0 -1 0 0 -1 0 0 -1 0 0 -1 0 0 -1 0 0 -1 0 0 -1 0 0 -1 0 0 -1 0 0 -1 0 0 -1 0 0 -1 0 0 -1 0 0 0 0 -1 0 0 -1 0 0 -1 0 0 -1 0 0 1 0 0 1 0 0 1 0 0 1  
					<BiTangents>: 24 0 1 0 0 1 0 0 1 0 0 1 0 0 0 -1 0 0 -1 0 -1 0 0 -1 0 0 0 -1 0 0 -1 0 -1 0 0 -1 0 0 0 1 0 0 1 0 0 1 0 0 1 0 1 0 0 1 0 0 1 0 0 1 0 0 1 0 0 1 0 0 1 0 0 1 0  
					<SubMeshes>: 1
						<SubMesh>: 0 36 0 2 3 0 3 1 8 4 5 8 5 9 10 6 7 10 7 11 12 13 14 12 14 15 16 17 18 16 18 19 20 21 22 20 22 23  
				</Mesh>
				<Materials>: 1
					<Material>: 0
						<AlbedoColor>: 1 1 1 1
						<EmissiveColor>: 0 0 0 1
						<Glossiness>: 0.5
						<Metallic>: 0
						<SpecularHighlight>: 1
						<GlossyReflection>: 1
						<AlbedoMap>: @green_matrix_material
						<MetallicMap>: null
						<NormalMap>: null
						<EmissionMap>: null
						<DetailAlbedoMap>: null
						<DetailNormalMap>: null
				</Materials>
				<Children>: 0
			</Frame>
			<Frame>: 3 0 Cube_(3)
				<Transform>: 17.35726 0.0004367315 0 0 0 0 1 1 1 0 0 0 1  
				<TransformMatrix>: 1 0 0 0 0 1 0 0 0 0 1 0 17.35726 0.0004367315 0 1  
				<Mesh>: 24 Cube
					<Positions>: 24 0.5 -0.5 0.5 -0.5 -0.5 0.5 0.5 0.5 0.5 -0.5 0.5 0.5 0.5 0.5 -0.5 -0.5 0.5 -0.5 0.5 -0.5 -0.5 -0.5 -0.5 -0.5 0.5 0.5 0.5 -0.5 0.5 0.5 0.5 0.5 -0.5 -0.5 0.5 -0.5 0.5 -0.5 -0.5 0.5 -0.5 0.5 -0.5 -0.5 0.5 -0.5 -0.5 -0.5 -0.5 -0.5 0.5 -0.5 0.5 0.5 -0.5 0.5 -0.5 -0.5 -0.5 -0.5 0.5 -0.5 -0.5 0.5 0.5 -0.5 0.5 0.5 0.5 0.5 -0.5 0.5  
					<Colors>: 0  
					<TextureCoords0>: 24 0 1 1 1 0 0 1 0 0 0 1 0 0 0 1 0 0 1 1 1 0 1 1 1 0 1 0 0 1 0 1 1 0 1 0 0 1 0 1 1 0 1 0 0 1 0 1 1  
					<TextureCoords1>: 24 0.6909865 0.6528356 0.9966581 0.6528356 0.6909865 0.3471642 0.9966581 0.3471642 0.3097273 0.6528357 0.004055766 0.6528357 0.3471642 0.3471642 0.6528358 0.3471642 0.3097273 0.3471642 0.004055766 0.3471642 0.3471642 0.6528357 0.6528358 0.6528357 0.3471642 0.9959443 0.3471642 0.6902727 0.6528358 0.6902727 0.6528358 0.9959443 0.6902728 0.6902727 0.9959443 0.6902727 0.9959443 0.9959443 0.6902728 0.9959443 0.3097273 0.9959443 0.004055766 0.9959443 0.004055766 0.6902727 0.3097273 0.6902727  
					<Normals>: 24 0 0 1 0 0 1 0 0 1 0 0 1 0 1 0 0 1 0 0 0 -1 0 0 -1 0 1 0 0 1 0 0 0 -1 0 0 -1 0 -1 0 0 -1 0 0 -1 0 0 -1 0 -1 0 0 -1 0 0 -1 0 0 -1 0 0 1 0 0 1 0 0 1 0 0 1 0 0  
					<Tangents>: 24 -1 0 0 -1 0 0 -1 0 0 -1 0 0 -1 0 0 -1 0 0 -1 0 0 -1 0 0 -1 0 0 -1 0 0 -1 0 0 -1 0 0 -1 0 0 -1 0 0 -1 0 0 -1 0 0 0 0 -1 0 0 -1 0 0 -1 0 0 -1 0 0 1 0 0 1 0 0 1 0 0 1  
					<BiTangents>: 24 0 1 0 0 1 0 0 1 0 0 1 0 0 0 -1 0 0 -1 0 -1 0 0 -1 0 0 0 -1 0 0 -1 0 -1 0 0 -1 0 0 0 1 0 0 1 0 0 1 0 0 1 0 1 0 0 1 0 0 1 0 0 1 0 0 1 0 0 1 0 0 1 0 0 1 0  
					<SubMeshes>: 1
						<SubMesh>: 0 36 0 2 3 0 3 1 8 4 5 8 5 9 10 6 7 10 7 11 12 13 14 12 14 15 16 17 18 16 18 19 20 21 22 20 22 23  
				</Mesh>
				<Materials>: 1
					<Material>: 0
						<AlbedoColor>: 1 1 1 1
						<EmissiveColor>: 0 0 0 1
						<Glossiness>: 0.5
						<Metallic>: 0
						<SpecularHighlight>: 1
						<GlossyReflection>: 1
						<AlbedoMap>: @green_matrix_material
						<MetallicMap>: null
						<NormalMap>: null
						<EmissionMap>: null
						<DetailAlbedoMap>: null
						<DetailNormalMap>: null
				</Materials>
				<Children>: 0
			</Frame>
			<Frame>: 4 0 Cube_(4)
				<Transform>: 8.826063 0.0002222826 0.4500029 270.028 270.0002 0 0.09999997 16.66652 1 -0.4998435 -0.500155 -0.499845 0.5001565  
				<TransformMatrix>: -1.192093E-08 -2.980231E-07 0.09999999 0 16.66651 0.01038304 0 0 -0.000623107 0.9999999 2.861023E-06 0 8.826063 0.0002222826 0.4500029 1  
				<Mesh>: 24 Cube
					<Positions>: 24 0.5 -0.5 0.5 -0.5 -0.5 0.5 0.5 0.5 0.5 -0.5 0.5 0.5 0.5 0.5 -0.5 -0.5 0.5 -0.5 0.5 -0.5 -0.5 -0.5 -0.5 -0.5 0.5 0.5 0.5 -0.5 0.5 0.5 0.5 0.5 -0.5 -0.5 0.5 -0.5 0.5 -0.5 -0.5 0.5 -0.5 0.5 -0.5 -0.5 0.5 -0.5 -0.5 -0.5 -0.5 -0.5 0.5 -0.5 0.5 0.5 -0.5 0.5 -0.5 -0.5 -0.5 -0.5 0.5 -0.5 -0.5 0.5 0.5 -0.5 0.5 0.5 0.5 0.5 -0.5 0.5  
					<Colors>: 0  
					<TextureCoords0>: 24 0 1 1 1 0 0 1 0 0 0 1 0 0 0 1 0 0 1 1 1 0 1 1 1 0 1 0 0 1 0 1 1 0 1 0 0 1 0 1 1 0 1 0 0 1 0 1 1  
					<TextureCoords1>: 24 0.6909865 0.6528356 0.9966581 0.6528356 0.6909865 0.3471642 0.9966581 0.3471642 0.3097273 0.6528357 0.004055766 0.6528357 0.3471642 0.3471642 0.6528358 0.3471642 0.3097273 0.3471642 0.004055766 0.3471642 0.3471642 0.6528357 0.6528358 0.6528357 0.3471642 0.9959443 0.3471642 0.6902727 0.6528358 0.6902727 0.6528358 0.9959443 0.6902728 0.6902727 0.9959443 0.6902727 0.9959443 0.9959443 0.6902728 0.9959443 0.3097273 0.9959443 0.004055766 0.9959443 0.004055766 0.6902727 0.3097273 0.6902727  
					<Normals>: 24 0 0 1 0 0 1 0 0 1 0 0 1 0 1 0 0 1 0 0 0 -1 0 0 -1 0 1 0 0 1 0 0 0 -1 0 0 -1 0 -1 0 0 -1 0 0 -1 0 0 -1 0 -1 0 0 -1 0 0 -1 0 0 -1 0 0 1 0 0 1 0 0 1 0 0 1 0 0  
					<Tangents>: 24 -1 0 0 -1 0 0 -1 0 0 -1 0 0 -1 0 0 -1 0 0 -1 0 0 -1 0 0 -1 0 0 -1 0 0 -1 0 0 -1 0 0 -1 0 0 -1 0 0 -1 0 0 -1 0 0 0 0 -1 0 0 -1 0 0 -1 0 0 -1 0 0 1 0 0 1 0 0 1 0 0 1  
					<BiTangents>: 24 0 1 0 0 1 0 0 1 0 0 1 0 0 0 -1 0 0 -1 0 -1 0 0 -1 0 0 0 -1 0 0 -1 0 -1 0 0 -1 0 0 0 1 0 0 1 0 0 1 0 0 1 0 1 0 0 1 0 0 1 0 0 1 0 0 1 0 0 1 0 0 1 0 0 1 0  
					<SubMeshes>: 1
						<SubMesh>: 0 36 0 2 3 0 3 1 8 4 5 8 5 9 10 6 7 10 7 11 12 13 14 12 14 15 16 17 18 16 18 19 20 21 22 20 22 23  
				</Mesh>
				<Materials>: 1
					<Material>: 0
						<AlbedoColor>: 1 1 1 1
						<EmissiveColor>: 0 0 0 1
						<Glossiness>: 0.5
						<Metallic>: 0
						<SpecularHighlight>: 1
						<GlossyReflection>: 1
						<AlbedoMap>: @green_matrix_material
						<MetallicMap>: null
						<NormalMap>: null
						<EmissionMap>: null
						<DetailAlbedoMap>: null
						<DetailNormalMap>: null
				</Materials>
				<Children>: 0
			</Frame>
	</Frame>
</Hierarchy>
