<Hierarchy>:
	<Frame>: 0 1 Mission1_4
		<Transform>: 0 0 0 0 0 0 0.3 0.3 0.3 0 0 0 1  
		<TransformMatrix>: 0.3 0 0 0 0 0.3 0 0 0 0 0.3 0 0 0 0 1  
		<Mesh>: 24 Cube
			<Positions>: 24 0.5 -0.5 0.5 -0.5 -0.5 0.5 0.5 0.5 0.5 -0.5 0.5 0.5 0.5 0.5 -0.5 -0.5 0.5 -0.5 0.5 -0.5 -0.5 -0.5 -0.5 -0.5 0.5 0.5 0.5 -0.5 0.5 0.5 0.5 0.5 -0.5 -0.5 0.5 -0.5 0.5 -0.5 -0.5 0.5 -0.5 0.5 -0.5 -0.5 0.5 -0.5 -0.5 -0.5 -0.5 -0.5 0.5 -0.5 0.5 0.5 -0.5 0.5 -0.5 -0.5 -0.5 -0.5 0.5 -0.5 -0.5 0.5 0.5 -0.5 0.5 0.5 0.5 0.5 -0.5 0.5  
			<Colors>: 0  
			<TextureCoords0>: 24 0 1 1 1 0 0 1 0 0 0 1 0 0 0 1 0 0 1 1 1 0 1 1 1 0 1 0 0 1 0 1 1 0 1 0 0 1 0 1 1 0 1 0 0 1 0 1 1  
			<TextureCoords1>: 24 0.6909865 0.6528356 0.9966581 0.6528356 0.6909865 0.3471642 0.9966581 0.3471642 0.3097273 0.6528357 0.004055766 0.6528357 0.3471642 0.3471642 0.6528358 0.3471642 0.3097273 0.3471642 0.004055766 0.3471642 0.3471642 0.6528357 0.6528358 0.6528357 0.3471642 0.9959443 0.3471642 0.6902727 0.6528358 0.6902727 0.6528358 0.9959443 0.6902728 0.6902727 0.9959443 0.6902727 0.9959443 0.9959443 0.6902728 0.9959443 0.3097273 0.9959443 0.004055766 0.9959443 0.004055766 0.6902727 0.3097273 0.6902727  
			<Normals>: 24 0 0 1 0 0 1 0 0 1 0 0 1 0 1 0 0 1 0 0 0 -1 0 0 -1 0 1 0 0 1 0 0 0 -1 0 0 -1 0 -1 0 0 -1 0 0 -1 0 0 -1 0 -1 0 0 -1 0 0 -1 0 0 -1 0 0 1 0 0 1 0 0 1 0 0 1 0 0  
			<Tangents>: 24 -1 0 0 -1 0 0 -1 0 0 -1 0 0 -1 0 0 -1 0 0 -1 0 0 -1 0 0 -1 0 0 -1 0 0 -1 0 0 -1 0 0 -1 0 0 -1 0 0 -1 0 0 -1 0 0 0 0 -1 0 0 -1 0 0 -1 0 0 -1 0 0 1 0 0 1 0 0 1 0 0 1  
			<BiTangents>: 24 0 1 0 0 1 0 0 1 0 0 1 0 0 0 -1 0 0 -1 0 -1 0 0 -1 0 0 0 -1 0 0 -1 0 -1 0 0 -1 0 0 0 1 0 0 1 0 0 1 0 0 1 0 1 0 0 1 0 0 1 0 0 1 0 0 1 0 0 1 0 0 1 0 0 1 0  
			<SubMeshes>: 1
				<SubMesh>: 0 36 0 2 3 0 3 1 8 4 5 8 5 9 10 6 7 10 7 11 12 13 14 12 14 15 16 17 18 16 18 19 20 21 22 20 22 23  
		</Mesh>
		<Materials>: 1
			<Material>: 0
				<AlbedoColor>: 1 1 1 1
				<EmissiveColor>: 0 0 0 1
				<Glossiness>: 0.5
				<Metallic>: 0
				<SpecularHighlight>: 1
				<GlossyReflection>: 1
				<AlbedoMap>: red_line_material
				<MetallicMap>: null
				<NormalMap>: null
				<EmissionMap>: null
				<DetailAlbedoMap>: null
				<DetailNormalMap>: null
		</Materials>
		<Children>: 6
			<Frame>: 1 0 Cube_(4)
				<Transform>: -1 0 -1 0 0 0 1 1 1 0 0 0 1  
				<TransformMatrix>: 1 0 0 0 0 1 0 0 0 0 1 0 -1 0 -1 1  
				<Mesh>: 24 Cube
					<Positions>: 24 0.5 -0.5 0.5 -0.5 -0.5 0.5 0.5 0.5 0.5 -0.5 0.5 0.5 0.5 0.5 -0.5 -0.5 0.5 -0.5 0.5 -0.5 -0.5 -0.5 -0.5 -0.5 0.5 0.5 0.5 -0.5 0.5 0.5 0.5 0.5 -0.5 -0.5 0.5 -0.5 0.5 -0.5 -0.5 0.5 -0.5 0.5 -0.5 -0.5 0.5 -0.5 -0.5 -0.5 -0.5 -0.5 0.5 -0.5 0.5 0.5 -0.5 0.5 -0.5 -0.5 -0.5 -0.5 0.5 -0.5 -0.5 0.5 0.5 -0.5 0.5 0.5 0.5 0.5 -0.5 0.5  
					<Colors>: 0  
					<TextureCoords0>: 24 0 1 1 1 0 0 1 0 0 0 1 0 0 0 1 0 0 1 1 1 0 1 1 1 0 1 0 0 1 0 1 1 0 1 0 0 1 0 1 1 0 1 0 0 1 0 1 1  
					<TextureCoords1>: 24 0.6909865 0.6528356 0.9966581 0.6528356 0.6909865 0.3471642 0.9966581 0.3471642 0.3097273 0.6528357 0.004055766 0.6528357 0.3471642 0.3471642 0.6528358 0.3471642 0.3097273 0.3471642 0.004055766 0.3471642 0.3471642 0.6528357 0.6528358 0.6528357 0.3471642 0.9959443 0.3471642 0.6902727 0.6528358 0.6902727 0.6528358 0.9959443 0.6902728 0.6902727 0.9959443 0.6902727 0.9959443 0.9959443 0.6902728 0.9959443 0.3097273 0.9959443 0.004055766 0.9959443 0.004055766 0.6902727 0.3097273 0.6902727  
					<Normals>: 24 0 0 1 0 0 1 0 0 1 0 0 1 0 1 0 0 1 0 0 0 -1 0 0 -1 0 1 0 0 1 0 0 0 -1 0 0 -1 0 -1 0 0 -1 0 0 -1 0 0 -1 0 -1 0 0 -1 0 0 -1 0 0 -1 0 0 1 0 0 1 0 0 1 0 0 1 0 0  
					<Tangents>: 24 -1 0 0 -1 0 0 -1 0 0 -1 0 0 -1 0 0 -1 0 0 -1 0 0 -1 0 0 -1 0 0 -1 0 0 -1 0 0 -1 0 0 -1 0 0 -1 0 0 -1 0 0 -1 0 0 0 0 -1 0 0 -1 0 0 -1 0 0 -1 0 0 1 0 0 1 0 0 1 0 0 1  
					<BiTangents>: 24 0 1 0 0 1 0 0 1 0 0 1 0 0 0 -1 0 0 -1 0 -1 0 0 -1 0 0 0 -1 0 0 -1 0 -1 0 0 -1 0 0 0 1 0 0 1 0 0 1 0 0 1 0 1 0 0 1 0 0 1 0 0 1 0 0 1 0 0 1 0 0 1 0 0 1 0  
					<SubMeshes>: 1
						<SubMesh>: 0 36 0 2 3 0 3 1 8 4 5 8 5 9 10 6 7 10 7 11 12 13 14 12 14 15 16 17 18 16 18 19 20 21 22 20 22 23  
				</Mesh>
				<Materials>: 1
					<Material>: 0
						<AlbedoColor>: 1 1 1 1
						<EmissiveColor>: 0 0 0 1
						<Glossiness>: 0.5
						<Metallic>: 0
						<SpecularHighlight>: 1
						<GlossyReflection>: 1
						<AlbedoMap>: @red_line_material
						<MetallicMap>: null
						<NormalMap>: null
						<EmissionMap>: null
						<DetailAlbedoMap>: null
						<DetailNormalMap>: null
				</Materials>
				<Children>: 0
			</Frame>
			<Frame>: 2 0 Cube_(2)
				<Transform>: -1 0 0 0 0 0 1 1 1 0 0 0 1  
				<TransformMatrix>: 1 0 0 0 0 1 0 0 0 0 1 0 -1 0 0 1  
				<Mesh>: 24 Cube
					<Positions>: 24 0.5 -0.5 0.5 -0.5 -0.5 0.5 0.5 0.5 0.5 -0.5 0.5 0.5 0.5 0.5 -0.5 -0.5 0.5 -0.5 0.5 -0.5 -0.5 -0.5 -0.5 -0.5 0.5 0.5 0.5 -0.5 0.5 0.5 0.5 0.5 -0.5 -0.5 0.5 -0.5 0.5 -0.5 -0.5 0.5 -0.5 0.5 -0.5 -0.5 0.5 -0.5 -0.5 -0.5 -0.5 -0.5 0.5 -0.5 0.5 0.5 -0.5 0.5 -0.5 -0.5 -0.5 -0.5 0.5 -0.5 -0.5 0.5 0.5 -0.5 0.5 0.5 0.5 0.5 -0.5 0.5  
					<Colors>: 0  
					<TextureCoords0>: 24 0 1 1 1 0 0 1 0 0 0 1 0 0 0 1 0 0 1 1 1 0 1 1 1 0 1 0 0 1 0 1 1 0 1 0 0 1 0 1 1 0 1 0 0 1 0 1 1  
					<TextureCoords1>: 24 0.6909865 0.6528356 0.9966581 0.6528356 0.6909865 0.3471642 0.9966581 0.3471642 0.3097273 0.6528357 0.004055766 0.6528357 0.3471642 0.3471642 0.6528358 0.3471642 0.3097273 0.3471642 0.004055766 0.3471642 0.3471642 0.6528357 0.6528358 0.6528357 0.3471642 0.9959443 0.3471642 0.6902727 0.6528358 0.6902727 0.6528358 0.9959443 0.6902728 0.6902727 0.9959443 0.6902727 0.9959443 0.9959443 0.6902728 0.9959443 0.3097273 0.9959443 0.004055766 0.9959443 0.004055766 0.6902727 0.3097273 0.6902727  
					<Normals>: 24 0 0 1 0 0 1 0 0 1 0 0 1 0 1 0 0 1 0 0 0 -1 0 0 -1 0 1 0 0 1 0 0 0 -1 0 0 -1 0 -1 0 0 -1 0 0 -1 0 0 -1 0 -1 0 0 -1 0 0 -1 0 0 -1 0 0 1 0 0 1 0 0 1 0 0 1 0 0  
					<Tangents>: 24 -1 0 0 -1 0 0 -1 0 0 -1 0 0 -1 0 0 -1 0 0 -1 0 0 -1 0 0 -1 0 0 -1 0 0 -1 0 0 -1 0 0 -1 0 0 -1 0 0 -1 0 0 -1 0 0 0 0 -1 0 0 -1 0 0 -1 0 0 -1 0 0 1 0 0 1 0 0 1 0 0 1  
					<BiTangents>: 24 0 1 0 0 1 0 0 1 0 0 1 0 0 0 -1 0 0 -1 0 -1 0 0 -1 0 0 0 -1 0 0 -1 0 -1 0 0 -1 0 0 0 1 0 0 1 0 0 1 0 0 1 0 1 0 0 1 0 0 1 0 0 1 0 0 1 0 0 1 0 0 1 0 0 1 0  
					<SubMeshes>: 1
						<SubMesh>: 0 36 0 2 3 0 3 1 8 4 5 8 5 9 10 6 7 10 7 11 12 13 14 12 14 15 16 17 18 16 18 19 20 21 22 20 22 23  
				</Mesh>
				<Materials>: 1
					<Material>: 0
						<AlbedoColor>: 1 1 1 1
						<EmissiveColor>: 0 0 0 1
						<Glossiness>: 0.5
						<Metallic>: 0
						<SpecularHighlight>: 1
						<GlossyReflection>: 1
						<AlbedoMap>: @red_line_material
						<MetallicMap>: null
						<NormalMap>: null
						<EmissionMap>: null
						<DetailAlbedoMap>: null
						<DetailNormalMap>: null
				</Materials>
				<Children>: 0
			</Frame>
			<Frame>: 3 0 Cube_(3)
				<Transform>: -1 1 0 0 0 0 1 1 1 0 0 0 1  
				<TransformMatrix>: 1 0 0 0 0 1 0 0 0 0 1 0 -1 1 0 1  
				<Mesh>: 24 Cube
					<Positions>: 24 0.5 -0.5 0.5 -0.5 -0.5 0.5 0.5 0.5 0.5 -0.5 0.5 0.5 0.5 0.5 -0.5 -0.5 0.5 -0.5 0.5 -0.5 -0.5 -0.5 -0.5 -0.5 0.5 0.5 0.5 -0.5 0.5 0.5 0.5 0.5 -0.5 -0.5 0.5 -0.5 0.5 -0.5 -0.5 0.5 -0.5 0.5 -0.5 -0.5 0.5 -0.5 -0.5 -0.5 -0.5 -0.5 0.5 -0.5 0.5 0.5 -0.5 0.5 -0.5 -0.5 -0.5 -0.5 0.5 -0.5 -0.5 0.5 0.5 -0.5 0.5 0.5 0.5 0.5 -0.5 0.5  
					<Colors>: 0  
					<TextureCoords0>: 24 0 1 1 1 0 0 1 0 0 0 1 0 0 0 1 0 0 1 1 1 0 1 1 1 0 1 0 0 1 0 1 1 0 1 0 0 1 0 1 1 0 1 0 0 1 0 1 1  
					<TextureCoords1>: 24 0.6909865 0.6528356 0.9966581 0.6528356 0.6909865 0.3471642 0.9966581 0.3471642 0.3097273 0.6528357 0.004055766 0.6528357 0.3471642 0.3471642 0.6528358 0.3471642 0.3097273 0.3471642 0.004055766 0.3471642 0.3471642 0.6528357 0.6528358 0.6528357 0.3471642 0.9959443 0.3471642 0.6902727 0.6528358 0.6902727 0.6528358 0.9959443 0.6902728 0.6902727 0.9959443 0.6902727 0.9959443 0.9959443 0.6902728 0.9959443 0.3097273 0.9959443 0.004055766 0.9959443 0.004055766 0.6902727 0.3097273 0.6902727  
					<Normals>: 24 0 0 1 0 0 1 0 0 1 0 0 1 0 1 0 0 1 0 0 0 -1 0 0 -1 0 1 0 0 1 0 0 0 -1 0 0 -1 0 -1 0 0 -1 0 0 -1 0 0 -1 0 -1 0 0 -1 0 0 -1 0 0 -1 0 0 1 0 0 1 0 0 1 0 0 1 0 0  
					<Tangents>: 24 -1 0 0 -1 0 0 -1 0 0 -1 0 0 -1 0 0 -1 0 0 -1 0 0 -1 0 0 -1 0 0 -1 0 0 -1 0 0 -1 0 0 -1 0 0 -1 0 0 -1 0 0 -1 0 0 0 0 -1 0 0 -1 0 0 -1 0 0 -1 0 0 1 0 0 1 0 0 1 0 0 1  
					<BiTangents>: 24 0 1 0 0 1 0 0 1 0 0 1 0 0 0 -1 0 0 -1 0 -1 0 0 -1 0 0 0 -1 0 0 -1 0 -1 0 0 -1 0 0 0 1 0 0 1 0 0 1 0 0 1 0 1 0 0 1 0 0 1 0 0 1 0 0 1 0 0 1 0 0 1 0 0 1 0  
					<SubMeshes>: 1
						<SubMesh>: 0 36 0 2 3 0 3 1 8 4 5 8 5 9 10 6 7 10 7 11 12 13 14 12 14 15 16 17 18 16 18 19 20 21 22 20 22 23  
				</Mesh>
				<Materials>: 1
					<Material>: 0
						<AlbedoColor>: 1 1 1 1
						<EmissiveColor>: 0 0 0 1
						<Glossiness>: 0.5
						<Metallic>: 0
						<SpecularHighlight>: 1
						<GlossyReflection>: 1
						<AlbedoMap>: @red_line_material
						<MetallicMap>: null
						<NormalMap>: null
						<EmissionMap>: null
						<DetailAlbedoMap>: null
						<DetailNormalMap>: null
				</Materials>
				<Children>: 0
			</Frame>
			<Frame>: 4 0 Cube_(5)
				<Transform>: 1 0 0 0 0 0 1 1 1 0 0 0 1  
				<TransformMatrix>: 1 0 0 0 0 1 0 0 0 0 1 0 1 0 0 1  
				<Mesh>: 24 Cube
					<Positions>: 24 0.5 -0.5 0.5 -0.5 -0.5 0.5 0.5 0.5 0.5 -0.5 0.5 0.5 0.5 0.5 -0.5 -0.5 0.5 -0.5 0.5 -0.5 -0.5 -0.5 -0.5 -0.5 0.5 0.5 0.5 -0.5 0.5 0.5 0.5 0.5 -0.5 -0.5 0.5 -0.5 0.5 -0.5 -0.5 0.5 -0.5 0.5 -0.5 -0.5 0.5 -0.5 -0.5 -0.5 -0.5 -0.5 0.5 -0.5 0.5 0.5 -0.5 0.5 -0.5 -0.5 -0.5 -0.5 0.5 -0.5 -0.5 0.5 0.5 -0.5 0.5 0.5 0.5 0.5 -0.5 0.5  
					<Colors>: 0  
					<TextureCoords0>: 24 0 1 1 1 0 0 1 0 0 0 1 0 0 0 1 0 0 1 1 1 0 1 1 1 0 1 0 0 1 0 1 1 0 1 0 0 1 0 1 1 0 1 0 0 1 0 1 1  
					<TextureCoords1>: 24 0.6909865 0.6528356 0.9966581 0.6528356 0.6909865 0.3471642 0.9966581 0.3471642 0.3097273 0.6528357 0.004055766 0.6528357 0.3471642 0.3471642 0.6528358 0.3471642 0.3097273 0.3471642 0.004055766 0.3471642 0.3471642 0.6528357 0.6528358 0.6528357 0.3471642 0.9959443 0.3471642 0.6902727 0.6528358 0.6902727 0.6528358 0.9959443 0.6902728 0.6902727 0.9959443 0.6902727 0.9959443 0.9959443 0.6902728 0.9959443 0.3097273 0.9959443 0.004055766 0.9959443 0.004055766 0.6902727 0.3097273 0.6902727  
					<Normals>: 24 0 0 1 0 0 1 0 0 1 0 0 1 0 1 0 0 1 0 0 0 -1 0 0 -1 0 1 0 0 1 0 0 0 -1 0 0 -1 0 -1 0 0 -1 0 0 -1 0 0 -1 0 -1 0 0 -1 0 0 -1 0 0 -1 0 0 1 0 0 1 0 0 1 0 0 1 0 0  
					<Tangents>: 24 -1 0 0 -1 0 0 -1 0 0 -1 0 0 -1 0 0 -1 0 0 -1 0 0 -1 0 0 -1 0 0 -1 0 0 -1 0 0 -1 0 0 -1 0 0 -1 0 0 -1 0 0 -1 0 0 0 0 -1 0 0 -1 0 0 -1 0 0 -1 0 0 1 0 0 1 0 0 1 0 0 1  
					<BiTangents>: 24 0 1 0 0 1 0 0 1 0 0 1 0 0 0 -1 0 0 -1 0 -1 0 0 -1 0 0 0 -1 0 0 -1 0 -1 0 0 -1 0 0 0 1 0 0 1 0 0 1 0 0 1 0 1 0 0 1 0 0 1 0 0 1 0 0 1 0 0 1 0 0 1 0 0 1 0  
					<SubMeshes>: 1
						<SubMesh>: 0 36 0 2 3 0 3 1 8 4 5 8 5 9 10 6 7 10 7 11 12 13 14 12 14 15 16 17 18 16 18 19 20 21 22 20 22 23  
				</Mesh>
				<Materials>: 1
					<Material>: 0
						<AlbedoColor>: 1 1 1 1
						<EmissiveColor>: 0 0 0 1
						<Glossiness>: 0.5
						<Metallic>: 0
						<SpecularHighlight>: 1
						<GlossyReflection>: 1
						<AlbedoMap>: @red_line_material
						<MetallicMap>: null
						<NormalMap>: null
						<EmissionMap>: null
						<DetailAlbedoMap>: null
						<DetailNormalMap>: null
				</Materials>
				<Children>: 0
			</Frame>
			<Frame>: 5 0 Cube_(6)
				<Transform>: 0 -1 0 0 0 0 1 1 1 0 0 0 1  
				<TransformMatrix>: 1 0 0 0 0 1 0 0 0 0 1 0 0 -1 0 1  
				<Mesh>: 24 Cube
					<Positions>: 24 0.5 -0.5 0.5 -0.5 -0.5 0.5 0.5 0.5 0.5 -0.5 0.5 0.5 0.5 0.5 -0.5 -0.5 0.5 -0.5 0.5 -0.5 -0.5 -0.5 -0.5 -0.5 0.5 0.5 0.5 -0.5 0.5 0.5 0.5 0.5 -0.5 -0.5 0.5 -0.5 0.5 -0.5 -0.5 0.5 -0.5 0.5 -0.5 -0.5 0.5 -0.5 -0.5 -0.5 -0.5 -0.5 0.5 -0.5 0.5 0.5 -0.5 0.5 -0.5 -0.5 -0.5 -0.5 0.5 -0.5 -0.5 0.5 0.5 -0.5 0.5 0.5 0.5 0.5 -0.5 0.5  
					<Colors>: 0  
					<TextureCoords0>: 24 0 1 1 1 0 0 1 0 0 0 1 0 0 0 1 0 0 1 1 1 0 1 1 1 0 1 0 0 1 0 1 1 0 1 0 0 1 0 1 1 0 1 0 0 1 0 1 1  
					<TextureCoords1>: 24 0.6909865 0.6528356 0.9966581 0.6528356 0.6909865 0.3471642 0.9966581 0.3471642 0.3097273 0.6528357 0.004055766 0.6528357 0.3471642 0.3471642 0.6528358 0.3471642 0.3097273 0.3471642 0.004055766 0.3471642 0.3471642 0.6528357 0.6528358 0.6528357 0.3471642 0.9959443 0.3471642 0.6902727 0.6528358 0.6902727 0.6528358 0.9959443 0.6902728 0.6902727 0.9959443 0.6902727 0.9959443 0.9959443 0.6902728 0.9959443 0.3097273 0.9959443 0.004055766 0.9959443 0.004055766 0.6902727 0.3097273 0.6902727  
					<Normals>: 24 0 0 1 0 0 1 0 0 1 0 0 1 0 1 0 0 1 0 0 0 -1 0 0 -1 0 1 0 0 1 0 0 0 -1 0 0 -1 0 -1 0 0 -1 0 0 -1 0 0 -1 0 -1 0 0 -1 0 0 -1 0 0 -1 0 0 1 0 0 1 0 0 1 0 0 1 0 0  
					<Tangents>: 24 -1 0 0 -1 0 0 -1 0 0 -1 0 0 -1 0 0 -1 0 0 -1 0 0 -1 0 0 -1 0 0 -1 0 0 -1 0 0 -1 0 0 -1 0 0 -1 0 0 -1 0 0 -1 0 0 0 0 -1 0 0 -1 0 0 -1 0 0 -1 0 0 1 0 0 1 0 0 1 0 0 1  
					<BiTangents>: 24 0 1 0 0 1 0 0 1 0 0 1 0 0 0 -1 0 0 -1 0 -1 0 0 -1 0 0 0 -1 0 0 -1 0 -1 0 0 -1 0 0 0 1 0 0 1 0 0 1 0 0 1 0 1 0 0 1 0 0 1 0 0 1 0 0 1 0 0 1 0 0 1 0 0 1 0  
					<SubMeshes>: 1
						<SubMesh>: 0 36 0 2 3 0 3 1 8 4 5 8 5 9 10 6 7 10 7 11 12 13 14 12 14 15 16 17 18 16 18 19 20 21 22 20 22 23  
				</Mesh>
				<Materials>: 1
					<Material>: 0
						<AlbedoColor>: 1 1 1 1
						<EmissiveColor>: 0 0 0 1
						<Glossiness>: 0.5
						<Metallic>: 0
						<SpecularHighlight>: 1
						<GlossyReflection>: 1
						<AlbedoMap>: @red_line_material
						<MetallicMap>: null
						<NormalMap>: null
						<EmissionMap>: null
						<DetailAlbedoMap>: null
						<DetailNormalMap>: null
				</Materials>
				<Children>: 0
			</Frame>
			<Frame>: 6 0 Cube_(7)
				<Transform>: 1 1 0 0 0 0 1 1 1 0 0 0 1  
				<TransformMatrix>: 1 0 0 0 0 1 0 0 0 0 1 0 1 1 0 1  
				<Mesh>: 24 Cube
					<Positions>: 24 0.5 -0.5 0.5 -0.5 -0.5 0.5 0.5 0.5 0.5 -0.5 0.5 0.5 0.5 0.5 -0.5 -0.5 0.5 -0.5 0.5 -0.5 -0.5 -0.5 -0.5 -0.5 0.5 0.5 0.5 -0.5 0.5 0.5 0.5 0.5 -0.5 -0.5 0.5 -0.5 0.5 -0.5 -0.5 0.5 -0.5 0.5 -0.5 -0.5 0.5 -0.5 -0.5 -0.5 -0.5 -0.5 0.5 -0.5 0.5 0.5 -0.5 0.5 -0.5 -0.5 -0.5 -0.5 0.5 -0.5 -0.5 0.5 0.5 -0.5 0.5 0.5 0.5 0.5 -0.5 0.5  
					<Colors>: 0  
					<TextureCoords0>: 24 0 1 1 1 0 0 1 0 0 0 1 0 0 0 1 0 0 1 1 1 0 1 1 1 0 1 0 0 1 0 1 1 0 1 0 0 1 0 1 1 0 1 0 0 1 0 1 1  
					<TextureCoords1>: 24 0.6909865 0.6528356 0.9966581 0.6528356 0.6909865 0.3471642 0.9966581 0.3471642 0.3097273 0.6528357 0.004055766 0.6528357 0.3471642 0.3471642 0.6528358 0.3471642 0.3097273 0.3471642 0.004055766 0.3471642 0.3471642 0.6528357 0.6528358 0.6528357 0.3471642 0.9959443 0.3471642 0.6902727 0.6528358 0.6902727 0.6528358 0.9959443 0.6902728 0.6902727 0.9959443 0.6902727 0.9959443 0.9959443 0.6902728 0.9959443 0.3097273 0.9959443 0.004055766 0.9959443 0.004055766 0.6902727 0.3097273 0.6902727  
					<Normals>: 24 0 0 1 0 0 1 0 0 1 0 0 1 0 1 0 0 1 0 0 0 -1 0 0 -1 0 1 0 0 1 0 0 0 -1 0 0 -1 0 -1 0 0 -1 0 0 -1 0 0 -1 0 -1 0 0 -1 0 0 -1 0 0 -1 0 0 1 0 0 1 0 0 1 0 0 1 0 0  
					<Tangents>: 24 -1 0 0 -1 0 0 -1 0 0 -1 0 0 -1 0 0 -1 0 0 -1 0 0 -1 0 0 -1 0 0 -1 0 0 -1 0 0 -1 0 0 -1 0 0 -1 0 0 -1 0 0 -1 0 0 0 0 -1 0 0 -1 0 0 -1 0 0 -1 0 0 1 0 0 1 0 0 1 0 0 1  
					<BiTangents>: 24 0 1 0 0 1 0 0 1 0 0 1 0 0 0 -1 0 0 -1 0 -1 0 0 -1 0 0 0 -1 0 0 -1 0 -1 0 0 -1 0 0 0 1 0 0 1 0 0 1 0 0 1 0 1 0 0 1 0 0 1 0 0 1 0 0 1 0 0 1 0 0 1 0 0 1 0  
					<SubMeshes>: 1
						<SubMesh>: 0 36 0 2 3 0 3 1 8 4 5 8 5 9 10 6 7 10 7 11 12 13 14 12 14 15 16 17 18 16 18 19 20 21 22 20 22 23  
				</Mesh>
				<Materials>: 1
					<Material>: 0
						<AlbedoColor>: 1 1 1 1
						<EmissiveColor>: 0 0 0 1
						<Glossiness>: 0.5
						<Metallic>: 0
						<SpecularHighlight>: 1
						<GlossyReflection>: 1
						<AlbedoMap>: @red_line_material
						<MetallicMap>: null
						<NormalMap>: null
						<EmissionMap>: null
						<DetailAlbedoMap>: null
						<DetailNormalMap>: null
				</Materials>
				<Children>: 0
			</Frame>
	</Frame>
</Hierarchy>
