<Hierarchy>:
	<Frame>: 0 3 fence2
		<Transform>: 0 0 0 0 0 0 10 10 10 0 0 0 1  
		<TransformMatrix>: 10 0 0 0 0 10 0 0 0 0 10 0 0 0 0 1  
		<Children>: 1
			<Frame>: 1 0 chainlink_LOD0
				<Transform>: -4.125903 1.046995 -0.005580752 270 0 0 1 1 1 -0.7071068 0 0 0.7071068  
				<TransformMatrix>: 1 0 0 0 0 -1.192093E-07 -1 0 0 1 -1.192093E-07 0 -4.125903 1.046995 -0.005580752 1  
				<Mesh>: 616 chainlink_LOD0
					<Bounds>: 4.141562 0.0513043 -5.960464E-08 1.419478 0.083391 1.052326
					<Positions>: 616 2.723467 0.1077511 0.9936342 2.74011 0.1289266 1.02561 2.740039 0.1290396 0.9936342 2.723595 0.1077101 1.02561 2.743396 0.1236888 1.043562 2.724457 0.08079096 0.9936342 2.729478 0.1058098 1.043562 2.751594 0.1106209 1.052326 2.744158 0.1010687 1.052326 2.72458 0.08084113 1.02561 2.742544 0.06077418 0.9936342 2.730309 0.08316752 1.043562 2.744602 0.08897164 1.052326 2.742607 0.06089201 1.02561 2.769266 0.05706678 0.9936342 2.745499 0.06635656 1.043562 2.752717 0.07999005 1.052326 2.769239 0.05719716 1.02561 2.79212 0.07140354 0.9936342 2.767942 0.06324293 1.043562 2.764708 0.07832654 1.052326 2.792014 0.07148543 1.02561 2.800411 0.09707607 0.9936342 2.787136 0.07528355 1.043562 2.800278 0.09707119 1.02561 2.790261 0.1220719 0.9936342 2.790161 0.1219826 1.02561 2.766418 0.1346953 0.9936342 2.794099 0.09684447 1.043562 2.7664 0.1345633 1.02561 2.740039 0.1290396 0.9936342 2.74011 0.1289266 1.02561 2.785574 0.1178371 1.043562 2.76555 0.1284388 1.043562 2.743396 0.1236888 1.043562 2.774963 0.08475949 1.052326 2.778683 0.09627882 1.052326 2.774128 0.1074946 1.052326 2.76343 0.1131587 1.052326 2.751594 0.1106209 1.052326 2.744602 0.08897164 1.052326 2.752717 0.07999005 1.052326 2.744158 0.1010687 1.052326 2.724457 0.08079096 0.9936342 2.769266 0.05706678 0.9936342 2.742544 0.06077418 0.9936342 2.740039 0.1290396 0.9936342 2.723467 0.1077511 0.9936342 2.790261 0.1220719 0.9936342 2.766418 0.1346953 0.9936342 2.79212 0.07140354 0.9936342 2.800411 0.09707607 0.9936342 2.799174 0.09703077 0.1558341 2.771195 0.1327116 0.1558341 2.790981 0.1194166 0.1558341 2.773885 0.05939537 0.1558341 2.792644 0.07410468 0.1558341 2.728615 0.1171283 0.1558341 2.747373 0.1318376 0.1558341 2.730278 0.07181635 0.1558341 2.722084 0.09420221 0.1558341 2.750063 0.05852132 0.1558341 2.771195 0.1327116 0.1898477 2.790981 0.1194166 0.1558341 2.771195 0.1327116 0.1558341 2.790981 0.1194166 0.1898477 2.799174 0.09703077 0.1558341 2.799174 0.09703077 0.1898477 2.792644 0.07410468 0.1558341 2.792644 0.07410468 0.1898477 2.773885 0.05939537 0.1558341 2.773885 0.05939537 0.1898477 2.750063 0.05852132 0.1558341 2.750063 0.05852132 0.1898477 2.730278 0.07181635 0.1558341 2.730278 0.07181635 0.1898477 2.722084 0.09420221 0.1558341 2.722084 0.09420221 0.1898477 2.728615 0.1171283 0.1558341 2.728615 0.1171283 0.1898477 2.747373 0.1318376 0.1558341 2.747373 0.1318376 0.1898477 2.771195 0.1327116 0.1558341 2.771195 0.1327116 0.1898477 2.773885 0.05939537 0.1898477 2.730278 0.07181635 0.1898477 2.750063 0.05852132 0.1898477 2.799174 0.09703077 0.1898477 2.792644 0.07410468 0.1898477 2.728615 0.1171283 0.1898477 2.722084 0.09420221 0.1898477 2.771195 0.1327116 0.1898477 2.747373 0.1318376 0.1898477 2.790981 0.1194166 0.1898477 2.760926 0.0675851 -1.052325 2.741477 0.07681972 0.9996815 2.741477 0.07681972 -1.052325 2.760926 0.0675851 0.9996815 2.781209 0.07480791 -1.052325 2.781209 0.07480791 0.9996815 2.790443 0.09425709 -1.052325 2.790443 0.09425709 0.9996815 2.78322 0.1145396 -1.052325 2.78322 0.1145396 0.9996815 2.763771 0.1237742 -1.052325 2.763771 0.1237742 0.9996815 2.743489 0.1165514 -1.052325 2.743489 0.1165514 0.9996815 2.734254 0.09710219 -1.052325 2.734254 0.09710219 0.9996815 2.741477 0.07681972 -1.052325 2.741477 0.07681972 0.9996815 5.440143 0.01073428 0.9131387 2.847139 0.07111821 -0.9281458 2.833272 0.07144108 -0.9083372 5.454009 0.01041136 0.8933299 5.439864 -0.001222503 0.913138 2.84686 0.05916136 -0.9281458 5.453731 -0.001545448 0.8933295 2.832993 0.05948418 -0.9083372 2.832993 0.05948418 -0.9083372 2.847139 0.07111821 -0.9281458 2.84686 0.05916136 -0.9281458 2.833272 0.07144108 -0.9083372 5.439864 -0.001222503 0.913138 2.833272 0.07144108 -0.9083372 2.832993 0.05948418 -0.9083372 5.440143 0.01073428 0.9131387 5.453731 -0.001545448 0.8933295 5.440143 0.01073428 0.9131387 5.439864 -0.001222503 0.913138 5.454009 0.01041136 0.8933299 2.84686 0.05916136 -0.9281458 5.454009 0.01041136 0.8933299 5.453731 -0.001545448 0.8933295 2.847139 0.07111821 -0.9281458 5.484874 0.04570939 0.9936338 5.502755 0.06584983 1.02561 5.502691 0.06596661 0.9936338 5.484998 0.0456609 1.025609 5.505722 0.06042444 1.043562 5.484246 0.01873858 0.9936338 5.490758 0.04341147 1.043562 5.513121 0.04688866 1.052326 5.505126 0.03779919 1.052326 5.484372 0.01878112 1.02561 5.5011 -0.002326021 0.9936338 5.49023 0.02076017 1.043562 5.504845 0.02569737 1.052326 5.50117 -0.002212074 1.02561 5.527553 -0.007627902 0.9936338 5.504386 0.003069071 1.043562 5.512408 0.01624537 1.052326 5.527533 -0.007496442 1.02561 5.551225 0.005313484 0.9936338 5.526601 -0.001383758 1.043562 5.524278 0.01386647 1.052326 5.551125 0.005401317 1.02561 5.561039 0.03044293 0.9936338 5.546482 0.00948508 1.043562 5.560906 0.03044606 1.02561 5.552406 0.05600225 0.9936338 5.552301 0.05591878 1.02561 5.529362 0.07003184 0.9936338 5.554726 0.03058994 1.043562 5.529335 0.06990099 1.02561 5.502691 0.06596661 0.9936338 5.502755 0.06584983 1.02561 5.547474 0.05205554 1.043562 5.528121 0.0638384 1.043562 5.505722 0.06042444 1.043562 5.534899 0.01967341 1.052326 5.539304 0.03094903 1.052326 5.535429 0.04241776 1.052326 5.525089 0.04871258 1.052326 5.513121 0.04688866 1.052326 5.504845 0.02569737 1.052326 5.512408 0.01624537 1.052326 5.505126 0.03779919 1.052326 5.484246 0.01873858 0.9936338 5.527553 -0.007627902 0.9936338 5.5011 -0.002326021 0.9936338 5.502691 0.06596661 0.9936338 5.484874 0.04570939 0.9936338 5.552406 0.05600225 0.9936338 5.529362 0.07003184 0.9936338 5.551225 0.005313484 0.9936338 5.561039 0.03044293 0.9936338 2.829449 0.07153018 0.9673176 2.853625 0.07096754 -0.9320167 2.829449 0.07153051 -0.9320166 2.853625 0.07096726 0.9673176 2.829171 0.05957352 0.9673172 2.853346 0.05901064 -0.9320166 2.853346 0.05901056 0.9673172 2.829171 0.05957368 -0.9320166 2.829171 0.05957368 -0.9320166 2.853625 0.07096754 -0.9320167 2.853346 0.05901064 -0.9320166 2.829449 0.07153051 -0.9320166 2.829171 0.05957352 0.9673172 2.829449 0.07153051 -0.9320166 2.829171 0.05957368 -0.9320166 2.829449 0.07153018 0.9673176 2.853346 0.05901056 0.9673172 2.829449 0.07153018 0.9673176 2.829171 0.05957352 0.9673172 2.853625 0.07096726 0.9673176 2.853346 0.05901064 -0.9320166 2.853625 0.07096726 0.9673176 2.853346 0.05901056 0.9673172 2.853625 0.07096754 -0.9320167 5.433813 0.01088218 0.9673176 5.457987 0.01031962 -0.9320166 5.433813 0.01088248 -0.9320167 5.457987 0.01031943 0.9673176 5.433534 -0.001074547 0.9673172 5.457709 -0.001637279 -0.9320166 5.457709 -0.00163757 0.9673172 5.433534 -0.001074353 -0.9320167 5.433534 -0.001074353 -0.9320167 5.457987 0.01031962 -0.9320166 5.457709 -0.001637279 -0.9320166 5.433813 0.01088248 -0.9320167 5.433534 -0.001074547 0.9673172 5.433813 0.01088248 -0.9320167 5.433534 -0.001074353 -0.9320167 5.433813 0.01088218 0.9673176 5.457709 -0.00163757 0.9673172 5.433813 0.01088218 0.9673176 5.433534 -0.001074547 0.9673172 5.457987 0.01031943 0.9673176 5.457709 -0.001637279 -0.9320166 5.457987 0.01031943 0.9673176 5.457709 -0.00163757 0.9673172 5.457987 0.01031962 -0.9320166 2.833547 0.07143489 -0.9376683 5.461482 0.01023801 -0.9134865 5.461482 0.01023801 -0.9376683 2.833547 0.07143485 -0.9134861 2.833268 0.05947802 -0.9376683 5.461204 -0.001718936 -0.9134863 2.833268 0.05947806 -0.9134863 5.461204 -0.001719033 -0.9376683 5.461204 -0.001719033 -0.9376683 5.461482 0.01023801 -0.9134865 5.461204 -0.001718936 -0.9134863 5.461482 0.01023801 -0.9376683 2.833268 0.05947802 -0.9376683 5.461482 0.01023801 -0.9376683 5.461204 -0.001719033 -0.9376683 2.833547 0.07143489 -0.9376683 2.833268 0.05947806 -0.9134863 2.833547 0.07143489 -0.9376683 2.833268 0.05947802 -0.9376683 2.833547 0.07143485 -0.9134861 5.461204 -0.001718936 -0.9134863 2.833547 0.07143485 -0.9134861 2.833268 0.05947806 -0.9134863 5.461482 0.01023801 -0.9134865 2.762724 0.07255855 -0.9854576 5.520816 0.02649383 -0.9738896 2.763148 0.09071191 -0.9738896 5.520393 0.008340527 -0.9854578 2.762616 0.06789983 -1.006477 5.520285 0.003681631 -1.006478 2.762885 0.07946469 -1.024636 5.520554 0.01524689 -1.024636 2.763375 0.100479 -1.029296 5.521044 0.03626092 -1.029296 2.763798 0.1186323 -1.017728 5.521466 0.05441436 -1.017728 2.763906 0.123291 -0.9967079 5.521574 0.05907309 -0.9967082 2.763637 0.1117261 -0.9785495 5.521304 0.04750807 -0.9785498 2.763148 0.09071191 -0.9738896 5.520816 0.02649383 -0.9738896 2.762215 0.07257016 0.9339336 5.520589 0.02649911 0.9455015 2.762638 0.09072329 0.9455015 5.520167 0.008345808 0.9339336 2.762107 0.06791132 0.9129139 5.520058 0.003687033 0.9129136 2.762376 0.07947642 0.8947554 5.520327 0.01525188 0.8947549 2.762866 0.1004905 0.8900952 5.520816 0.03626632 0.8900952 2.763288 0.118644 0.9016631 5.52124 0.05441957 0.9016631 2.763397 0.1233026 0.9226831 5.521348 0.0590783 0.9226831 2.763127 0.1117375 0.9408417 5.521079 0.04751328 0.9408413 2.762638 0.09072329 0.9455015 5.520589 0.02649911 0.9455015 2.751418 0.05917815 0.2277276 2.794855 0.07218198 0.2277278 2.775249 0.058623 0.2277276 2.725627 0.09647141 0.2277276 2.732463 0.07363489 0.2277274 2.795912 0.1175122 0.2277274 2.802747 0.09467576 0.2277276 2.753125 0.1325238 0.2277274 2.776957 0.1319686 0.2277276 2.733519 0.1189651 0.2277276 2.733519 0.1189651 0.2277276 2.753125 0.1325238 0.261741 2.753125 0.1325238 0.2277274 2.733519 0.1189649 0.261741 2.725627 0.09647141 0.2277276 2.725627 0.09647141 0.2617412 2.732463 0.07363489 0.2277274 2.732463 0.07363483 0.261741 2.751418 0.05917815 0.2277276 2.751418 0.0591782 0.2617412 2.775249 0.058623 0.2277276 2.775249 0.05862324 0.2617412 2.794855 0.07218198 0.2277278 2.794855 0.07218176 0.2617414 2.802747 0.09467576 0.2277276 2.802747 0.09467568 0.261741 2.795912 0.1175122 0.2277274 2.795911 0.1175119 0.2617412 2.776957 0.1319686 0.2277276 2.776957 0.1319685 0.2617412 2.753125 0.1325238 0.2277274 2.753125 0.1325238 0.261741 2.725627 0.09647141 0.2617412 2.753125 0.1325238 0.261741 2.733519 0.1189649 0.261741 2.751418 0.0591782 0.2617412 2.732463 0.07363483 0.261741 2.795911 0.1175119 0.2617412 2.776957 0.1319685 0.2617412 2.794855 0.07218176 0.2617414 2.802747 0.09467568 0.261741 2.775249 0.05862324 0.2617412 2.792191 0.08072829 0.2287806 2.845236 0.06606021 0.232891 2.839724 0.05987154 0.232891 2.797825 0.09211015 0.2287808 2.839311 0.05998746 0.2519001 2.797825 0.09211034 0.2585794 2.792191 0.08072804 0.2585794 2.844824 0.06617615 0.2519005 2.797825 0.09211015 0.2287808 2.844824 0.06617615 0.2519005 2.845236 0.06606021 0.232891 2.797825 0.09211034 0.2585794 2.839311 0.05998746 0.2519001 2.792191 0.08072829 0.2287806 2.839724 0.05987154 0.232891 2.792191 0.08072804 0.2585794 5.559802 0.03047198 0.1558339 5.534011 0.06776536 0.1558339 5.552966 0.05330849 0.1558339 5.532304 -0.005580473 0.1558339 5.55191 0.007978292 0.1558339 5.490574 0.05476136 0.1558339 5.51018 0.06832013 0.1558339 5.489519 0.009431111 0.1558339 5.482682 0.03226765 0.1558339 5.508472 -0.005025396 0.1558339 5.534011 0.06776536 0.1898473 5.552966 0.05330849 0.1558339 5.534011 0.06776536 0.1558339 5.552966 0.05330849 0.1898475 5.559802 0.03047198 0.1558339 5.559802 0.03047198 0.1898475 5.55191 0.007978292 0.1558339 5.55191 0.007978292 0.1898475 5.532304 -0.005580473 0.1558339 5.532304 -0.00558057 0.1898473 5.508472 -0.005025396 0.1558339 5.508471 -0.005025565 0.1898475 5.489519 0.009431111 0.1558339 5.489519 0.009431304 0.1898475 5.482682 0.03226765 0.1558339 5.482682 0.03226785 0.1898475 5.490574 0.05476136 0.1558339 5.490575 0.05476153 0.1898475 5.51018 0.06832013 0.1558339 5.510179 0.06832024 0.1898475 5.534011 0.06776536 0.1558339 5.534011 0.06776536 0.1898473 5.532304 -0.00558057 0.1898473 5.489519 0.009431304 0.1898475 5.508471 -0.005025565 0.1898475 5.559802 0.03047198 0.1898475 5.55191 0.007978292 0.1898475 5.490575 0.05476153 0.1898475 5.482682 0.03226785 0.1898475 5.534011 0.06776536 0.1898473 5.510179 0.06832024 0.1898475 5.552966 0.05330849 0.1898475 5.438906 0.005661282 0.1609973 5.492577 0.01784407 0.1568873 5.444126 -0.0007771328 0.1609973 5.487479 0.02947625 0.1568873 5.487479 0.02947625 0.1866857 5.444543 -0.0006804817 0.1800067 5.492577 0.01784426 0.1866859 5.439324 0.005758006 0.1800068 5.439324 0.005758006 0.1800068 5.487479 0.02947625 0.1568873 5.438906 0.005661282 0.1609973 5.487479 0.02947625 0.1866857 5.492577 0.01784407 0.1568873 5.444543 -0.0006804817 0.1800067 5.444126 -0.0007771328 0.1609973 5.492577 0.01784426 0.1866859 5.519858 0.003371088 -1.052326 5.500998 0.01375439 0.9996811 5.500998 0.01375468 -1.052326 5.519858 0.003371088 0.9996815 5.540537 0.009365611 -1.052326 5.540537 0.009365417 0.9996815 5.550921 0.02822655 -1.052326 5.550921 0.02822635 0.9996815 5.544925 0.04890525 -1.052326 5.544925 0.04890525 0.9996815 5.526065 0.05928877 -1.052325 5.526065 0.05928868 0.9996815 5.505386 0.05329432 -1.052326 5.505386 0.05329403 0.9996815 5.495003 0.03443339 -1.052326 5.495003 0.03443322 0.9996815 5.500998 0.01375468 -1.052326 5.500998 0.01375439 0.9996811 4.142871 0.03158722 -0.928717 3.709139 0.09401294 -0.5974753 3.707618 0.04095021 -0.9283456 4.150512 0.1131479 -0.6069664 3.693245 0.03300152 -0.2830058 4.578615 0.02208412 -0.9285972 4.139054 0.05060618 -0.2828271 4.578277 0.03670435 -0.6059882 4.57074 0.01247511 -0.280784 3.272535 0.05268884 -0.9284701 2.837309 0.06215626 -0.6058256 2.837309 0.06215629 -0.9286101 3.289363 0.03274272 -0.5813589 2.838858 0.05813434 -0.2826767 3.707618 0.04095021 -0.9283456 3.292796 0.04951701 -0.2783939 3.709139 0.09401294 -0.5974753 3.693245 0.03300152 -0.2830058 3.292796 0.04951701 -0.2783939 2.837867 0.0652869 0.0396158 2.838858 0.05813434 -0.2826767 3.287601 -0.0187241 0.02438843 2.837655 0.06730511 0.3629885 3.693245 0.03300152 -0.2830058 3.277176 -0.008023953 0.3495279 3.704393 0.05200053 0.03515812 3.705922 0.03381775 0.3517649 4.14356 0.05641096 0.3606582 4.576684 0.04745796 0.04122772 4.563581 -0.02272485 0.3500209 4.139978 0.0278508 0.0359823 4.57074 0.01247511 -0.280784 3.705922 0.03381775 0.3517649 4.139054 0.05060618 -0.2828271 3.704393 0.05200053 0.03515812 3.693245 0.03300152 -0.2830058 4.14356 0.05641096 0.3606582 3.707795 0.04113919 0.6841822 3.705922 0.03381775 0.3517649 4.146275 0.1057211 0.6929033 3.707426 0.03426499 0.9858529 4.563581 -0.02272485 0.3500209 4.142467 0.01269685 1.006955 4.577431 0.02435186 0.6843547 4.578019 -0.0002630169 0.9904774 3.277176 -0.008023953 0.3495279 2.837311 0.06220685 0.6862863 2.837655 0.06730511 0.3629885 3.272388 0.05008391 0.6836714 2.837309 0.06215607 1.008905 3.705922 0.03381775 0.3517649 3.272461 0.05202267 1.008905 3.707795 0.04113919 0.6841822 3.707426 0.03426499 0.9858529 5.014445 0.011457 -0.9286101 4.578277 0.03670435 -0.6059882 4.578615 0.02208412 -0.9285972 5.016163 0.01351356 -0.6038327 4.57074 0.01247511 -0.280784 5.44915 0.001334027 -0.9286101 5.023364 0.01543033 -0.2775885 5.449133 0.000619342 -0.6058262 5.44867 -0.0320867 -0.2833658 5.023364 0.01543033 -0.2775885 4.576684 0.04745796 0.04122772 4.57074 0.01247511 -0.280784 5.016761 0.01650054 0.038493 4.563581 -0.02272485 0.3500209 5.44867 -0.0320867 -0.2833658 5.012325 -0.004839191 0.3606838 5.449469 -0.01949445 0.03942201 5.449318 -0.005212618 0.3631048 5.012325 -0.004839191 0.3606838 4.577431 0.02435186 0.6843547 4.563581 -0.02272485 0.3500209 5.011457 -0.000479525 0.6826831 4.578019 -0.0002630169 0.9904774 5.449318 -0.005212618 0.3631048 5.014395 0.007764982 1.009001 5.44915 0.001333833 0.6862867 5.44915 0.001334027 1.008905 5.452327 0.01045086 -0.9133185 2.835372 0.07139203 0.9219281 2.849238 0.07106916 0.941737 5.43846 0.01077376 -0.9331273 5.452049 -0.001505964 -0.9133183 2.835093 0.05943516 0.9219281 5.438182 -0.001183164 -0.9331267 2.84896 0.05911236 0.9417366 2.84896 0.05911236 0.9417366 2.835372 0.07139203 0.9219281 2.835093 0.05943516 0.9219281 2.849238 0.07106916 0.941737 5.452049 -0.001505964 -0.9133183 2.849238 0.07106916 0.941737 2.84896 0.05911236 0.9417366 5.452327 0.01045086 -0.9133185 5.438182 -0.001183164 -0.9331267 5.452327 0.01045086 -0.9133185 5.452049 -0.001505964 -0.9133183 5.43846 0.01077376 -0.9331273 2.835093 0.05943516 0.9219281 5.43846 0.01077376 -0.9331273 5.438182 -0.001183164 -0.9331267 2.835372 0.07139203 0.9219281 3.709139 0.09401294 -0.5997596 4.142871 0.03158722 -0.9310012 3.707618 0.04095021 -0.9306299 4.150512 0.1131479 -0.6092507 4.578615 0.02208412 -0.9308814 3.693245 0.03300152 -0.28529 4.578277 0.03670435 -0.6082724 4.139054 0.05060618 -0.2851114 4.57074 0.01247511 -0.2830683 2.837309 0.06215626 -0.6081099 3.272535 0.05268884 -0.9307543 2.837309 0.06215629 -0.9308944 3.289363 0.03274272 -0.5836431 3.707618 0.04095021 -0.9306299 2.838858 0.05813434 -0.284961 3.709139 0.09401294 -0.5997596 3.292796 0.04951701 -0.2806781 3.693245 0.03300152 -0.28529 2.837867 0.0652869 0.03733154 3.292796 0.04951701 -0.2806781 2.838858 0.05813434 -0.284961 3.287601 -0.0187241 0.02210417 3.693245 0.03300152 -0.28529 2.837655 0.06730511 0.3607042 3.704393 0.05200053 0.03287387 3.277176 -0.008023953 0.3472436 3.705922 0.03381775 0.3494807 4.576684 0.04745796 0.03894345 4.14356 0.05641096 0.3583739 4.563581 -0.02272485 0.3477366 4.139978 0.0278508 0.03369804 3.705922 0.03381775 0.3494807 4.57074 0.01247511 -0.2830683 3.704393 0.05200053 0.03287387 4.139054 0.05060618 -0.2851114 3.693245 0.03300152 -0.28529 3.707795 0.04113919 0.6818979 4.14356 0.05641096 0.3583739 3.705922 0.03381775 0.3494807 4.146275 0.1057211 0.6906191 4.563581 -0.02272485 0.3477366 3.707426 0.03426499 0.9835686 4.577431 0.02435186 0.6820704 4.142467 0.01269685 1.004671 4.578019 -0.0002630169 0.9881932 2.837311 0.06220685 0.684002 3.277176 -0.008023953 0.3472436 2.837655 0.06730511 0.3607042 3.272388 0.05008391 0.6813871 3.705922 0.03381775 0.3494807 2.837309 0.06215607 1.006621 3.707795 0.04113919 0.6818979 3.272461 0.05202267 1.006621 3.707426 0.03426499 0.9835686 4.578277 0.03670435 -0.6082724 5.014445 0.011457 -0.9308944 4.578615 0.02208412 -0.9308814 5.016163 0.01351356 -0.606117 5.44915 0.001334027 -0.9308944 4.57074 0.01247511 -0.2830683 5.449133 0.000619342 -0.6081104 5.023364 0.01543033 -0.2798727 5.44867 -0.0320867 -0.2856501 4.576684 0.04745796 0.03894345 5.023364 0.01543033 -0.2798727 4.57074 0.01247511 -0.2830683 5.016761 0.01650054 0.03620874 5.44867 -0.0320867 -0.2856501 4.563581 -0.02272485 0.3477366 5.449469 -0.01949445 0.03713775 5.012325 -0.004839191 0.3583995 5.449318 -0.005212618 0.3608205 4.577431 0.02435186 0.6820704 5.012325 -0.004839191 0.3583995 4.563581 -0.02272485 0.3477366 5.011457 -0.000479525 0.6803988 5.449318 -0.005212618 0.3608205 4.578019 -0.0002630169 0.9881932 5.44915 0.001333833 0.6840024 5.014395 0.007764982 1.006716 5.44915 0.001334027 1.006621  
					<Colors>: 0  
					<TextureCoords0>: 616 0.8804651 0.654503 0.8672512 0.6938392 0.8672496 0.654503 0.8804657 0.6938392 0.8673429 0.7159237 0.8935959 0.654503 0.8805009 0.7159237 0.8678408 0.7267043 0.8806894 0.7267043 0.8935953 0.6938392 0.9068114 0.654503 0.8935602 0.7159237 0.8933716 0.7267043 0.9068097 0.6938392 0.920251 0.654503 0.9067182 0.7159237 0.9062203 0.7267043 0.9202489 0.6938392 0.9339639 0.654503 0.92014 0.7159237 0.919534 0.7267043 0.9339626 0.6938392 0.9478675 0.654503 0.9338886 0.7159237 0.9478675 0.6938392 0.961771 0.654503 0.9617722 0.6938392 0.975484 0.654503 0.9478675 0.7159237 0.9754859 0.6938392 0.9889235 0.654503 0.9889251 0.6938392 0.9618462 0.7159237 0.9755948 0.7159237 0.9890168 0.7159237 0.9334667 0.7267043 0.9478675 0.7267043 0.9622681 0.7267043 0.9762009 0.7267043 0.9895146 0.7267043 0.9939109 0.7269899 0.9532479 0.7268563 0.9966064 0.7268379 0.7250651 0.7774277 0.674777 0.7481949 0.7052048 0.753597 0.7052048 0.8323671 0.7250651 0.8085364 0.6480193 0.8222147 0.674777 0.8377691 0.6480193 0.7637493 0.6374518 0.792982 0.7328136 0.7924321 0.7012991 0.7498919 0.7241032 0.7661407 0.7012991 0.8349723 0.7241032 0.8187233 0.6503077 0.7661407 0.6731118 0.7498918 0.6503077 0.8187233 0.6415973 0.7924321 0.6731117 0.8349723 0.9945484 0.7367853 0.9819446 0.8344218 0.9945484 0.8344218 0.9819446 0.7367853 0.9699798 0.8344218 0.9699798 0.7367853 0.9580149 0.8344218 0.9580149 0.7367853 0.9454111 0.8344218 0.9454111 0.7367853 0.9323822 0.8344218 0.9323822 0.7367853 0.9197784 0.8344218 0.9197784 0.7367853 0.9078135 0.8344218 0.9078135 0.7367853 0.8958488 0.8344218 0.8958488 0.7367853 0.883245 0.8344218 0.883245 0.7367853 0.8702161 0.8344218 0.8702161 0.7367853 0.7012991 0.8349723 0.6503077 0.8187233 0.6731117 0.8349723 0.7328136 0.7924321 0.7241032 0.8187233 0.6503077 0.7661407 0.6415973 0.7924321 0.7012991 0.7498919 0.6731118 0.7498918 0.7241032 0.7661407 0.9794209 0.6386301 0.9907402 0.002049565 0.9907402 0.6386301 0.9794209 0.002049565 0.9681016 0.6386301 0.9681016 0.002049565 0.9567822 0.6386301 0.9567822 0.002049565 0.9454628 0.6386301 0.9454628 0.002049565 0.9341434 0.6386301 0.9341434 0.002049565 0.922824 0.6386301 0.922824 0.002049565 0.9115046 0.6386301 0.9115046 0.002049565 0.9001852 0.6386301 0.9001852 0.002049565 0.003610744 0.9003476 0.9163694 0.8496457 0.9163682 0.9003476 0.003610744 0.8496457 0.003610743 0.8496457 0.9164418 0.9003476 0.003610743 0.9003476 0.9164429 0.8496457 0.003610744 0.8496457 0.9163682 0.9003476 0.003610744 0.9003476 0.9163694 0.8496457 0.009263764 0.8521668 0.916625 0.8812221 0.916625 0.8521664 0.009263675 0.881222 0.003610744 0.8496457 0.9163682 0.9003476 0.003610744 0.9003476 0.9163694 0.8496457 0.916625 0.8521664 0.009263675 0.8812221 0.009263764 0.8521664 0.916625 0.8812221 0.8804651 0.654503 0.8672512 0.6938392 0.8672496 0.654503 0.8804657 0.6938392 0.8673429 0.7159237 0.8935959 0.654503 0.8805009 0.7159237 0.8678408 0.7267043 0.8806894 0.7267043 0.8935953 0.6938392 0.9068114 0.654503 0.8935602 0.7159237 0.8933716 0.7267043 0.9068097 0.6938392 0.920251 0.654503 0.9067182 0.7159237 0.9062203 0.7267043 0.9202489 0.6938392 0.9339639 0.654503 0.92014 0.7159237 0.919534 0.7267043 0.9339626 0.6938392 0.9478675 0.654503 0.9338886 0.7159237 0.9478675 0.6938392 0.961771 0.654503 0.9617722 0.6938392 0.975484 0.654503 0.9478675 0.7159237 0.9754859 0.6938392 0.9889235 0.654503 0.9889251 0.6938392 0.9618462 0.7159237 0.9755948 0.7159237 0.9890168 0.7159237 0.9334667 0.7267043 0.9478675 0.7267043 0.9622681 0.7267043 0.9762009 0.7267043 0.9895146 0.7267043 0.9939109 0.7269899 0.9532473 0.7268562 0.9966062 0.7268379 0.7250651 0.7774277 0.674777 0.7481949 0.7052048 0.753597 0.7052048 0.8323671 0.7250651 0.8085364 0.6480193 0.8222147 0.674777 0.8377691 0.6480193 0.7637493 0.6374518 0.792982 0.003610744 0.9003476 0.9163694 0.8496457 0.9163682 0.9003476 0.003610744 0.8496457 0.003610743 0.8496457 0.9164418 0.9003476 0.003610743 0.9003476 0.9164429 0.8496457 0.003610744 0.8496457 0.9163682 0.9003476 0.003610744 0.9003476 0.9163694 0.8496457 0.009263764 0.8521668 0.916625 0.8812221 0.916625 0.8521664 0.009263675 0.881222 0.003610744 0.8496457 0.9163682 0.9003476 0.003610744 0.9003476 0.9163694 0.8496457 0.916625 0.8521664 0.009263675 0.8812221 0.009263764 0.8521664 0.916625 0.8812221 0.003610744 0.9003476 0.9163694 0.8496457 0.9163682 0.9003476 0.003610744 0.8496457 0.003610743 0.8496457 0.9164418 0.9003476 0.003610743 0.9003476 0.9164429 0.8496457 0.003610744 0.8496457 0.9163682 0.9003476 0.003610744 0.9003476 0.9163694 0.8496457 0.009263764 0.8521668 0.916625 0.8812221 0.916625 0.8521664 0.009263675 0.881222 0.003610744 0.8496457 0.9163682 0.9003476 0.003610744 0.9003476 0.9163694 0.8496457 0.916625 0.8521664 0.009263675 0.8812221 0.009263764 0.8521664 0.916625 0.8812221 0.003610744 0.9003476 0.9163694 0.8496457 0.9163682 0.9003476 0.003610744 0.8496457 0.003610743 0.8496457 0.9164418 0.9003476 0.003610743 0.9003476 0.9164429 0.8496457 0.003610744 0.8496457 0.9163682 0.9003476 0.003610744 0.9003476 0.9163694 0.8496457 0.009263764 0.8521668 0.916625 0.8812221 0.916625 0.8521664 0.009263675 0.881222 0.003610744 0.8496457 0.9163682 0.9003476 0.003610744 0.9003476 0.9163694 0.8496457 0.916625 0.8521664 0.009263675 0.8812221 0.009263764 0.8521664 0.916625 0.8812221 0.9971108 0.9214829 0.002034277 0.9099289 0.9971108 0.9099289 0.002034277 0.9214829 0.9971108 0.9330371 0.002034277 0.9330371 0.9971108 0.9445912 0.002034277 0.9445912 0.9971599 0.9561456 0.002129363 0.9561458 0.9972578 0.9663988 0.002176906 0.9663988 0.9972578 0.9766515 0.002176906 0.9766515 0.9972578 0.9869042 0.002176906 0.9869042 0.9972578 0.9971569 0.002176906 0.9971569 0.9971108 0.9214829 0.002034277 0.9099289 0.9971108 0.9099289 0.002034277 0.9214829 0.9971108 0.9330371 0.002034277 0.9330371 0.9971108 0.9445912 0.002034277 0.9445912 0.9971599 0.9561456 0.002129363 0.9561458 0.9972578 0.9663988 0.002176906 0.9663988 0.9972578 0.9766515 0.002176906 0.9766515 0.9972578 0.9869042 0.002176906 0.9869042 0.9972578 0.9971569 0.002176906 0.9971569 0.7012991 0.8349723 0.6503077 0.8187233 0.6731117 0.8349723 0.7328136 0.7924321 0.7241032 0.8187233 0.6503077 0.7661407 0.6415973 0.7924321 0.7012991 0.7498919 0.6731118 0.7498918 0.7241032 0.7661407 0.8538571 0.8339484 0.8664609 0.736312 0.8664609 0.8339484 0.8538571 0.736312 0.8418922 0.8339484 0.8418922 0.736312 0.8299274 0.8339484 0.8299274 0.736312 0.8173236 0.8339484 0.8173236 0.736312 0.8042948 0.8339484 0.8042948 0.736312 0.7916909 0.8339484 0.7916909 0.736312 0.7797261 0.8339484 0.7797261 0.736312 0.7677612 0.8339484 0.7677612 0.736312 0.7551575 0.8339484 0.7551575 0.736312 0.7421286 0.8339484 0.7421286 0.736312 0.7328136 0.7924321 0.7012991 0.7498919 0.7241032 0.7661407 0.7012991 0.8349723 0.7241032 0.8187233 0.6503077 0.7661407 0.6731118 0.7498918 0.6503077 0.8187233 0.6415973 0.7924321 0.6731117 0.8349723 0.9214144 0.8486489 0.9581609 0.9020982 0.9214144 0.9020982 0.9581609 0.8486489 0.9214144 0.8491117 0.9581609 0.9020982 0.9214144 0.9020982 0.9581609 0.8491117 0.9581609 0.9020982 0.9296507 0.8491117 0.9530925 0.8486489 0.9214144 0.9020982 0.9296507 0.9016354 0.9581609 0.8486489 0.9530925 0.9020982 0.9214144 0.8486489 0.7328136 0.7924321 0.7012991 0.7498919 0.7241032 0.7661407 0.7012991 0.8349723 0.7241032 0.8187233 0.6503077 0.7661407 0.6731118 0.7498918 0.6503077 0.8187233 0.6415973 0.7924321 0.6731117 0.8349723 0.9945484 0.7367853 0.9819446 0.8344218 0.9945484 0.8344218 0.9819446 0.7367853 0.9699798 0.8344218 0.9699798 0.7367853 0.9580149 0.8344218 0.9580149 0.7367853 0.9454111 0.8344218 0.9454111 0.7367853 0.9323822 0.8344218 0.9323822 0.7367853 0.9197784 0.8344218 0.9197784 0.7367853 0.9078135 0.8344218 0.9078135 0.7367853 0.8958488 0.8344218 0.8958488 0.7367853 0.883245 0.8344218 0.883245 0.7367853 0.8702161 0.8344218 0.8702161 0.7367853 0.7012991 0.8349723 0.6503077 0.8187233 0.6731117 0.8349723 0.7328136 0.7924321 0.7241032 0.8187233 0.6503077 0.7661407 0.6415973 0.7924321 0.7012991 0.7498919 0.6731118 0.7498918 0.7241032 0.7661407 0.9960632 0.9022768 0.9609232 0.8488274 0.9609232 0.9022768 0.9960632 0.8488274 0.9960632 0.9022768 0.9609232 0.8492902 0.9609232 0.9022768 0.9960632 0.8492902 0.9687995 0.8492902 0.9960632 0.9022768 0.9912164 0.8488274 0.9609232 0.9022768 0.9960632 0.8488274 0.9687995 0.9018139 0.9912164 0.9022768 0.9609232 0.8488274 0.9794209 0.6386301 0.9907402 0.002049565 0.9907402 0.6386301 0.9794209 0.002049565 0.9681016 0.6386301 0.9681016 0.002049565 0.9567822 0.6386301 0.9567822 0.002049565 0.9454628 0.6386301 0.9454628 0.002049565 0.9341434 0.6386301 0.9341434 0.002049565 0.922824 0.6386301 0.922824 0.002049565 0.9115046 0.6386301 0.9115046 0.002049565 0.9001852 0.6386301 0.9001852 0.002049565 0.3820189 0.6293787 0.7014399 0.3480446 0.7014399 0.6293787 0.3820189 0.3480446 0.7014399 0.06671047 0.06259789 0.6293787 0.3820189 0.06671047 0.06259789 0.3480446 0.06259789 0.06671047 0.3820445 0.6293594 0.7014655 0.3480254 0.7014655 0.6293594 0.3820445 0.3480254 0.7014655 0.06669134 0.06262352 0.6293594 0.3820445 0.06669134 0.06262352 0.3480254 0.06262352 0.06669134 0.3820561 0.6294418 0.701477 0.3481078 0.701477 0.6294418 0.3820561 0.3481078 0.701477 0.06677359 0.0626351 0.6294418 0.3820561 0.06677359 0.0626351 0.3481078 0.0626351 0.06677359 0.3820189 0.06673145 0.06259789 0.3480656 0.06259789 0.06673145 0.3820189 0.3480656 0.06259789 0.6293997 0.7014399 0.06673145 0.3820189 0.6293997 0.7014399 0.3480656 0.7014399 0.6293997 0.3820189 0.6293997 0.7014399 0.3480656 0.7014399 0.6293997 0.3820189 0.3480656 0.7014399 0.06673145 0.06259789 0.6293997 0.3820189 0.06673145 0.06259789 0.3480656 0.06259789 0.06673145 0.3820561 0.6294418 0.701477 0.3481078 0.701477 0.6294418 0.3820561 0.3481078 0.701477 0.06677359 0.0626351 0.6294418 0.3820561 0.06677359 0.0626351 0.3481078 0.0626351 0.06677359 0.3820445 0.6293594 0.7014655 0.3480254 0.7014655 0.6293594 0.3820445 0.3480254 0.7014655 0.06669134 0.06262352 0.6293594 0.3820445 0.06669134 0.06262352 0.3480254 0.06262352 0.06669134 0.3820561 0.6294418 0.701477 0.3481078 0.701477 0.6294418 0.3820561 0.3481078 0.701477 0.06677359 0.0626351 0.6294418 0.3820561 0.06677359 0.0626351 0.3481078 0.0626351 0.06677359 0.3820561 0.6294418 0.701477 0.3481078 0.701477 0.6294418 0.3820561 0.3481078 0.701477 0.06677359 0.0626351 0.6294418 0.3820561 0.06677359 0.0626351 0.3481078 0.0626351 0.06677359 0.003610744 0.9003476 0.9163694 0.8496457 0.9163682 0.9003476 0.003610744 0.8496457 0.003610743 0.8496457 0.9164418 0.9003476 0.003610743 0.9003476 0.9164429 0.8496457 0.003610744 0.8496457 0.9163682 0.9003476 0.003610744 0.9003476 0.9163694 0.8496457 0.009263764 0.8521668 0.916625 0.8812221 0.916625 0.8521664 0.009263675 0.881222 0.003610744 0.8496457 0.9163682 0.9003476 0.003610744 0.9003476 0.9163694 0.8496457 0.916625 0.8521664 0.009263675 0.8812221 0.009263764 0.8521664 0.916625 0.8812221 0.7014399 0.3480446 0.3820189 0.6293787 0.7014399 0.6293787 0.3820189 0.3480446 0.06259789 0.6293787 0.7014399 0.06671047 0.06259789 0.3480446 0.3820189 0.06671047 0.06259789 0.06671047 0.7014655 0.3480254 0.3820445 0.6293594 0.7014655 0.6293594 0.3820445 0.3480254 0.06262352 0.6293594 0.7014655 0.06669134 0.06262352 0.3480254 0.3820445 0.06669134 0.06262352 0.06669134 0.701477 0.3481078 0.3820561 0.6294418 0.701477 0.6294418 0.3820561 0.3481078 0.0626351 0.6294418 0.701477 0.06677359 0.0626351 0.3481078 0.3820561 0.06677359 0.0626351 0.06677359 0.06259789 0.3480656 0.3820189 0.06673145 0.06259789 0.06673145 0.3820189 0.3480656 0.7014399 0.06673145 0.06259789 0.6293997 0.7014399 0.3480656 0.3820189 0.6293997 0.7014399 0.6293997 0.7014399 0.3480656 0.3820189 0.6293997 0.7014399 0.6293997 0.3820189 0.3480656 0.06259789 0.6293997 0.7014399 0.06673145 0.06259789 0.3480656 0.3820189 0.06673145 0.06259789 0.06673145 0.701477 0.3481078 0.3820561 0.6294418 0.701477 0.6294418 0.3820561 0.3481078 0.0626351 0.6294418 0.701477 0.06677359 0.0626351 0.3481078 0.3820561 0.06677359 0.0626351 0.06677359 0.7014655 0.3480254 0.3820445 0.6293594 0.7014655 0.6293594 0.3820445 0.3480254 0.06262352 0.6293594 0.7014655 0.06669134 0.06262352 0.3480254 0.3820445 0.06669134 0.06262352 0.06669134 0.701477 0.3481078 0.3820561 0.6294418 0.701477 0.6294418 0.3820561 0.3481078 0.0626351 0.6294418 0.701477 0.06677359 0.0626351 0.3481078 0.3820561 0.06677359 0.0626351 0.06677359 0.701477 0.3481078 0.3820561 0.6294418 0.701477 0.6294418 0.3820561 0.3481078 0.0626351 0.6294418 0.701477 0.06677359 0.0626351 0.3481078 0.3820561 0.06677359 0.0626351 0.06677359  
					<TextureCoords1>: 0  
					<Normals>: 616 -0.9515952 0.3073257 0.00417563 -0.5244372 0.8359774 0.1615783 -0.5314142 0.8471018 0.004170428 -0.9390974 0.3032972 0.1615759 -0.423869 0.6756675 0.6031654 -0.926512 -0.3762421 0.004166329 -0.7590134 0.2451383 0.6031631 -0.1630432 0.2598962 0.9517725 -0.2919528 0.09428892 0.9517737 -0.9143476 -0.3712989 0.161572 -0.4679061 -0.8837683 0.004167574 -0.7390092 -0.3000968 0.6031644 -0.2842585 -0.1154312 0.9517735 -0.4617583 -0.8721655 0.1615755 0.2096357 -0.9777706 0.004166495 -0.3732147 -0.704914 0.6031643 -0.1435565 -0.2711441 0.9517733 0.2068946 -0.9649281 0.1615807 0.7890973 -0.6142539 0.004171638 0.1672086 -0.7798911 0.6031677 0.06431672 -0.2999843 0.9517735 0.7787308 -0.6061949 0.161574 0.999319 0.03666427 0.004164619 0.6293992 -0.4899512 0.6031621 0.9861967 0.03618752 0.1615748 0.7419549 0.6704368 0.004171237 0.7322094 0.6616364 0.1615761 0.1374208 0.990504 0.004170337 0.7970778 0.02925285 0.6031678 0.1356192 0.977497 0.1615764 -0.5314142 0.8471018 0.004170428 -0.5244372 0.8359774 0.1615783 0.5918038 0.5347548 0.603163 0.1096051 0.7900475 0.603168 -0.423869 0.6756675 0.6031654 0.2420995 -0.1884588 0.9517726 0.3065916 0.01125417 0.9517746 0.2276371 0.2056924 0.951773 0.0421637 0.3038923 0.9517729 -0.1630432 0.2598962 0.9517725 -0.2842585 -0.1154312 0.9517735 -0.1435565 -0.2711441 0.9517733 -0.2919528 0.09428892 0.9517737 0 0 -1 0 0 -1 0 0 -1 0 0 -1 0 0 -1 0 0 -1 0 0 -1 0 0 -1 0 0 -1 0 0 -1 0 0 -1 0 0 -1 0 0 -1 0 0 -1 0 0 -1 0 0 -1 0 0 -1 0 0 -1 0 0 -1 0.2739376 0.9617474 0 0.7869227 0.6170515 0 0.2739376 0.9617474 0 0.7869226 0.6170516 0 0.9993278 0.03666188 0 0.9993278 0.0366619 0 0.8300268 -0.5577235 0 0.8300268 -0.5577235 0 0.3436865 -0.9390844 0 0.3436865 -0.9390844 0 -0.273938 -0.9617474 0 -0.273938 -0.9617474 0 -0.7869135 -0.6170634 0 -0.7869135 -0.6170635 0 -0.9993278 -0.03666152 0 -0.9993278 -0.03666156 0 -0.830018 0.5577367 0 -0.830018 0.5577367 0 -0.3436864 0.9390845 0 -0.3436864 0.9390845 0 0.2739376 0.9617474 0 0.2739376 0.9617474 0 0 0 1 0 0 1 0 0 1 0 0 1 0 0 1 0 0 1 0 0 1 0 0 1 0 0 1 0 0 1 -0.05056716 -0.9987206 0 -0.741954 -0.6704507 0 -0.7419546 -0.6704501 0 -0.05056626 -0.9987207 0 0.6704441 -0.74196 0 0.6704447 -0.7419595 0 0.9987204 -0.0505721 0 0.9987205 -0.05057121 0 0.7419602 0.670444 0 0.7419596 0.6704447 0 0.05056693 0.9987206 0 0.05056603 0.9987207 0 -0.6704379 0.7419656 0 -0.6704386 0.741965 0 -0.9987204 0.05057185 0 -0.9987205 0.05057099 0 -0.7419546 -0.6704501 0 -0.741954 -0.6704507 0 0.02328151 0.999729 -8.12079E-07 0.02327994 0.999729 1.408006E-06 0.02327993 0.999729 1.418851E-06 0.02328152 0.999729 -8.22923E-07 -0.02328164 -0.999729 1.023144E-06 -0.02327877 -0.999729 -3.020927E-06 -0.02328165 -0.999729 1.042897E-06 -0.02327875 -0.999729 -3.04068E-06 -0.8189264 0.01908576 -0.5735811 -0.8189264 0.01908579 -0.5735811 -0.8189263 0.01908581 -0.5735811 -0.8189264 0.01908574 -0.5735811 -0.5724996 0.01330819 0.819797 -0.5724987 0.01334246 0.8197971 -0.5724986 0.01334254 0.8197971 -0.5724996 0.01330811 0.819797 0.8189377 -0.01909917 0.5735644 0.8189286 -0.01912874 0.5735766 0.8189222 -0.01914956 0.573585 0.8189442 -0.01907835 0.573556 0.5724989 -0.01334249 -0.819797 0.5724998 -0.01329765 -0.8197971 0.5724998 -0.01329754 -0.8197971 0.5724989 -0.0133426 -0.819797 -0.9314669 0.3638026 0.004144618 -0.4734121 0.8658933 0.161585 -0.4797108 0.8774168 0.004161382 -0.9192393 0.3590136 0.1615802 -0.3826131 0.6998538 0.6031684 -0.9473999 -0.3200254 0.004160223 -0.7429605 0.2901796 0.6031629 -0.1471883 0.2692113 0.9517672 -0.2857931 0.11161 0.9517697 -0.934954 -0.3158361 0.1615812 -0.5200322 -0.8541364 0.004174326 -0.7556661 -0.2552707 0.603163 -0.2906648 -0.0982021 0.9517722 -0.513203 -0.8429188 0.1615876 0.1506746 -0.9885746 0.004163807 -0.4147668 -0.6812863 0.6031728 -0.1595545 -0.2620659 0.9517688 0.1486906 -0.9755945 0.1615753 0.7508636 -0.6604442 0.004162037 0.120171 -0.7885165 0.603159 0.04622849 -0.3033081 0.9517706 0.741004 -0.6517736 0.1615683 0.9997199 -0.02329662 0.004168537 0.5989044 -0.5267949 0.6031589 0.9865963 -0.02298457 0.1615532 0.780799 0.6247683 0.004181216 0.7705399 0.6165727 0.1615743 0.1965193 0.980491 0.004176642 0.7974167 -0.01858038 0.6031429 0.1939431 0.9676151 0.1615768 -0.4797108 0.8774168 0.004161382 -0.4734121 0.8658933 0.161585 0.6227733 0.4983452 0.6031629 0.1567574 0.7820646 0.6031601 -0.3826131 0.6998538 0.6031684 0.230356 -0.2026269 0.9517765 0.3067262 -0.007154719 0.9517709 0.2395432 0.1916946 0.9517732 0.06029518 0.3008253 0.9517713 -0.1471883 0.2692113 0.9517672 -0.2906648 -0.0982021 0.9517722 -0.1595545 -0.2620659 0.9517688 -0.2857931 0.11161 0.9517697 0 0 -1 0 0 -1 0 0 -1 0 0 -1 0 0 -1 0 0 -1 0 0 -1 0 0 -1 0 0 -1 0.0232784 0.999729 0 0.02328037 0.999729 0 0.02328039 0.999729 0 0.02327838 0.999729 0 -0.02328042 -0.999729 0 -0.02328337 -0.9997289 0 -0.02328039 -0.999729 0 -0.0232834 -0.9997289 0 -5.779224E-06 -4.604396E-06 -1 -2.609576E-06 -1.140721E-05 -1 -3.772537E-07 -1.61983E-05 -1 -8.011557E-06 0 -1 -0.9997285 0.02329994 0 -0.9997285 0.02329962 0 -0.9997285 0.02329961 0 -0.9997285 0.02329994 0 -7.543773E-07 -3.239717E-05 1 -7.544056E-07 -3.239723E-05 1 -7.544254E-07 -3.239726E-05 1 -7.543574E-07 -3.239713E-05 1 0.9997285 -0.02329948 0 0.9997285 -0.02329985 0 0.9997285 -0.02329985 0 0.9997285 -0.02329947 0 0.02327265 0.9997291 0 0.0232766 0.9997291 0 0.02327663 0.9997291 0 0.02327262 0.9997291 0 -0.02328361 -0.9997289 0 -0.02327967 -0.999729 0 -0.02328364 -0.9997289 0 -0.02327963 -0.999729 0 8.01182E-06 0 -1 8.01182E-06 0 -1 8.011819E-06 0 -1 8.01182E-06 0 -1 -0.9997292 0.02326742 0 -0.9997292 0.02326723 0 -0.9997292 0.02326723 0 -0.9997292 0.02326741 0 -7.542623E-07 -3.239658E-05 1 -7.544174E-07 -3.239688E-05 1 -7.545266E-07 -3.239709E-05 1 -7.541529E-07 -3.239638E-05 1 0.9997292 -0.02326709 0 0.9997292 -0.0232669 0 0.9997292 -0.0232669 0 0.9997292 -0.02326708 0 0.02328073 0.999729 1.493343E-06 0.02328075 0.999729 0 0.02328075 0.999729 0 0.02328073 0.999729 1.502141E-06 -0.02328079 -0.999729 1.516796E-06 -0.02328081 -0.999729 3.991099E-06 -0.02328079 -0.999729 1.502153E-06 -0.02328081 -0.999729 4.005742E-06 0.9997292 -0.02326686 0 0.9997292 -0.02326693 0 0.9997292 -0.02326699 0 0.9997292 -0.0232668 0 0 0 -1 0 0 -1 0 0 -1 0 0 -1 -0.9997285 0.02329965 0 -0.9997285 0.02329959 0 -0.9997285 0.02329955 0 -0.9997285 0.02329969 0 5.220118E-07 1.610144E-05 1 -3.746077E-07 -1.61048E-05 1 -3.772149E-07 -1.619845E-05 1 5.246115E-07 1.619482E-05 1 -0.01907049 -0.8189313 0.5735744 -0.004042789 -0.1736096 0.9848062 -0.004042669 -0.1736042 0.9848073 -0.01907047 -0.8189306 0.5735755 -0.02292711 -0.9845412 -0.1736465 -0.02292711 -0.9845414 -0.1736452 -0.0133535 -0.573425 -0.8191492 -0.01335316 -0.5734144 -0.8191567 0.004042474 0.1735965 -0.9848086 0.00404265 0.1736031 -0.9848074 0.01907051 0.8189328 -0.5735725 0.01907032 0.8189262 -0.5735819 0.02292709 0.9845419 0.1736423 0.02292711 0.984542 0.1736417 0.01335345 0.5734248 0.8191494 0.01335333 0.5734196 0.819153 -0.004042669 -0.1736042 0.9848073 -0.004042789 -0.1736096 0.9848062 -0.01907031 -0.8189271 0.5735806 -0.004042509 -0.173595 0.9848089 -0.004042723 -0.1736083 0.9848065 -0.01907028 -0.8189261 0.5735821 -0.02292703 -0.9845417 -0.1736433 -0.02292707 -0.9845427 -0.1736377 -0.01335343 -0.573424 -0.8191499 -0.01335329 -0.57342 -0.8191527 0.004042391 0.1735944 -0.984809 0.004042764 0.1736057 -0.9848069 0.01907032 0.8189266 -0.5735812 0.01907038 0.818929 -0.5735781 0.02292698 0.9845409 0.1736475 0.02292699 0.9845405 0.17365 0.0133532 0.5734168 0.819155 0.01335327 0.5734215 0.8191516 -0.004042723 -0.1736083 0.9848065 -0.004042509 -0.173595 0.9848089 5.516815E-06 5.515781E-06 -1 8.399289E-07 -2.973461E-06 -1 3.220834E-07 1.38264E-05 -1 1.575662E-06 0 -1 2.163584E-05 1.496279E-05 -1 5.92406E-07 -3.298001E-06 -1 0 -8.545366E-06 -1 -1.658487E-06 4.949753E-07 -1 8.70966E-06 2.482433E-05 -1 -1.305073E-05 4.579219E-06 -1 -0.7951085 0.6064672 1.358238E-06 -0.2867857 0.9579947 0 -0.2867865 0.9579945 0 -0.7951117 0.606463 2.671367E-06 -0.9997287 0.02328999 5.679111E-07 -0.9997287 0.02329181 0 -0.8224774 -0.5687978 -8.487204E-07 -0.8224748 -0.5688015 2.024711E-06 -0.3310687 -0.9436066 2.078998E-06 -0.3310572 -0.9436107 6.860247E-06 0.2867968 -0.9579914 5.078539E-06 0.2867969 -0.9579914 3.248447E-06 0.7951136 -0.6064605 -3.131312E-07 0.7951121 -0.6064625 0 0.9997287 -0.02329122 7.464258E-06 0.9997287 -0.02328892 1.182543E-05 0.8224811 0.5687925 1.333576E-05 0.8224827 0.5687901 1.051736E-05 0.3310706 0.943606 6.670231E-06 0.3310783 0.9436033 1.645217E-06 -0.2867865 0.9579945 0 -0.2867857 0.9579947 0 -9.160181E-07 1.468458E-06 1 -2.89426E-06 2.04901E-06 1 -7.866965E-06 1.13756E-05 1 -4.159331E-06 -1.175968E-06 1 -2.163511E-05 -1.496253E-05 1 6.634633E-07 1.50965E-06 1 -8.387649E-06 -1.099695E-05 1 5.672125E-07 1.998083E-06 1 3.955059E-05 3.353525E-06 1 -3.219903E-07 -1.3827E-05 1 0.06740432 -0.03565324 -0.9970885 0.06299844 -0.05147356 -0.9966853 0.06196123 -0.05518702 -0.9965516 0.06796755 -0.03362542 -0.9971207 0.09718788 -0.08074468 0.9919852 0.113326 -0.05985432 0.9917533 0.115425 -0.05712664 0.9916721 0.09448532 -0.08422905 0.9919566 0.4827037 0.8757829 0.001129718 0.481797 0.8762758 0.003525825 0.4811985 0.8765968 0.00510249 0.4831299 0.8755487 5.899144E-07 -0.4019892 -0.915642 -0.002145303 -0.4025716 -0.9153882 -0.000730454 -0.4015743 -0.915821 -0.003151366 -0.402869 -0.9152576 -7.440104E-06 0 0 -1 0 0 -1 0 0 -1 0 0 -1 0 0 -1 0 0 -1 0 0 -1 0 0 -1 0 0 -1 0 0 -1 0.3310649 0.943608 0 0.8224827 0.5687901 0 0.3310637 0.9436084 -9.728805E-07 0.8224832 0.5687894 0 0.9997289 -0.02328271 0 0.9997289 -0.02328271 0 0.7951215 -0.6064502 0 0.7951226 -0.6064488 -7.524205E-07 0.2867954 -0.9579918 -1.976583E-06 0.2867972 -0.9579914 -3.585312E-06 -0.3310773 -0.9436036 -1.139271E-05 -0.3310935 -0.943598 -5.082864E-06 -0.8224759 -0.5688 -3.925611E-06 -0.8224824 -0.5687906 3.240584E-06 -0.9997293 0.02326577 0 -0.999729 0.02327748 6.84888E-06 -0.7951107 0.6064642 8.115232E-06 -0.7951073 0.6064687 7.146735E-06 -0.2868033 0.9579895 -1.99773E-06 -0.286821 0.9579842 -8.974814E-06 0.3310637 0.9436084 -9.728805E-07 0.3310649 0.943608 0 9.810274E-07 -3.277374E-06 1 1.569805E-06 -3.668485E-07 1 8.387191E-06 1.099525E-05 1 -2.16433E-06 0 1 -1.305071E-05 4.57876E-06 1 1.585229E-06 2.933907E-07 1 0 0 1 1.132714E-06 3.228252E-06 1 7.866578E-06 -1.13741E-05 1 -1.324851E-05 -3.965885E-06 1 -0.06531596 -0.04849587 -0.9966854 -0.06898014 -0.03248954 -0.9970888 -0.06445269 -0.05225394 -0.9965518 -0.06944834 -0.03043772 -0.997121 -0.1159931 -0.05450725 0.9917532 -0.1008457 -0.07612479 0.9919854 -0.1179629 -0.05168492 0.991672 -0.09830843 -0.07973085 0.9919568 -0.4404856 0.8977528 0.003522853 -0.4414137 0.8973029 0.001128366 -0.4398734 0.8980454 0.005098426 -0.4418501 0.8970889 0 0.359527 -0.9331344 -0.0007159096 0.3589342 -0.9333605 -0.002128682 0.3585121 -0.9335198 -0.003133312 0.3598297 -0.9330181 6.067622E-06 -0.110334 -0.9938945 0 -0.7807862 -0.6247984 0 -0.7808017 -0.624779 -2.747069E-07 -0.1103293 -0.9938951 0 0.624764 -0.7808136 0 0.6247603 -0.7808166 0 0.9938983 -0.1103006 0 0.9938982 -0.1103017 0 0.7807794 0.6248068 0 0.7807782 0.6248084 0 0.1103336 0.9938946 0 0.1103257 0.9938955 0 -0.6247868 0.7807955 0 -0.6247765 0.7808036 0 -0.993898 0.1103036 0 -0.9938976 0.1103064 0 -0.7808017 -0.624779 -2.747069E-07 -0.7807862 -0.6247984 0 -0.0008313025 -0.9737619 0.2275677 0.08257885 -0.9965754 -0.004263271 0.02590397 -0.9934389 0.1113913 -0.04472002 -0.9989617 0.008706448 0.04371976 -0.9957027 -0.08163806 -0.06858163 -0.9938163 0.08732643 -0.0360892 -0.9921441 -0.1197812 -0.09711336 -0.9947721 -0.03158134 -0.03011535 -0.9995283 0.006014693 -0.03683308 -0.9983468 -0.04412599 -0.05112297 -0.9985332 -0.01782775 -0.02174782 -0.9997635 0 -0.003504133 -0.9999565 -0.00864638 -0.0334414 -0.9992846 0.01766307 0.02590397 -0.9934389 0.1113913 -0.05683 -0.9965637 -0.06025815 0.08257885 -0.9965754 -0.004263271 0.04371976 -0.9957027 -0.08163806 -0.05683 -0.9965637 -0.06025815 -0.1351158 -0.9903251 -0.03162221 -0.0334414 -0.9992846 0.01766307 -0.03637179 -0.9969421 -0.06916288 -0.1733218 -0.9848647 -0.0009975134 0.04371976 -0.9957027 -0.08163806 -0.006692061 -0.9972814 0.07338142 0.04408936 -0.9989811 0.009634983 0.04075043 -0.9990848 0.01300084 -0.0193556 -0.9970844 0.0738095 -0.03634456 -0.9985935 -0.03860143 -0.09245155 -0.9953041 -0.02868037 0.00455096 -0.9996845 0.02470476 -0.03011535 -0.9995283 0.006014693 0.04075043 -0.9990848 0.01300084 -0.0360892 -0.9921441 -0.1197812 0.04408936 -0.9989811 0.009634983 0.04371976 -0.9957027 -0.08163806 -0.0193556 -0.9970844 0.0738095 0.04546825 -0.9988413 0.01577288 0.04075043 -0.9990848 0.01300084 -0.04841748 -0.9977313 -0.04677871 0.01642821 -0.9969499 -0.07629706 -0.09245155 -0.9953041 -0.02868037 -0.08001751 -0.9663047 -0.2446479 -0.08399038 -0.9964645 -0.002038924 -0.0297676 -0.9978415 -0.05853416 -0.006692061 -0.9972814 0.07338142 -0.06938234 -0.9971142 0.03081331 -0.1733218 -0.9848647 -0.0009975134 -0.006552253 -0.9973028 0.07310342 -0.02598563 -0.9996595 0.00234367 0.04075043 -0.9990848 0.01300084 -0.02602052 -0.9996613 0.0004865 0.04546825 -0.9988413 0.01577288 0.01642821 -0.9969499 -0.07629706 -0.03236724 -0.9993729 0.01436053 -0.09711336 -0.9947721 -0.03158134 -0.06858163 -0.9938163 0.08732643 -0.03127564 -0.9995071 -0.002746528 -0.03011535 -0.9995283 0.006014693 -0.02711686 -0.9996314 0.001335702 -0.05259848 -0.9986099 0.003412208 -0.0538527 -0.9981226 -0.02917406 -0.1032732 -0.9938976 -0.03876001 -0.05259848 -0.9986099 0.003412208 -0.03634456 -0.9985935 -0.03860143 -0.03011535 -0.9995283 0.006014693 -0.06381077 -0.9969903 -0.04402764 -0.09245155 -0.9953041 -0.02868037 -0.1032732 -0.9938976 -0.03876001 -0.006837662 -0.9999753 -0.001640136 -0.05857473 -0.9981008 0.01907634 0.0004538169 -0.9995264 0.03077128 -0.006837662 -0.9999753 -0.001640136 -0.08399038 -0.9964645 -0.002038924 -0.09245155 -0.9953041 -0.02868037 -0.01605769 -0.9998242 0.00968656 -0.0297676 -0.9978415 -0.05853416 0.0004538169 -0.9995264 0.03077128 0.00664134 -0.9997786 0.01996775 -0.001601067 -0.9998821 0.01526902 -0.01479052 -0.9998907 6.006028E-07 0.02328038 0.999729 -5.17266E-07 0.02327981 0.999729 -1.33014E-06 0.0232798 0.999729 -1.334072E-06 0.02328038 0.999729 -5.13334E-07 -0.02327807 -0.999729 3.783401E-06 -0.02327807 -0.999729 3.783401E-06 -0.02327807 -0.999729 3.783401E-06 -0.02327807 -0.999729 3.783401E-06 -0.8189278 0.01907273 0.5735796 -0.8189254 0.01908035 0.5735827 -0.8189237 0.01908571 0.573585 -0.8189294 0.01906737 0.5735773 0.5800874 -0.01348762 0.8144426 0.5800858 -0.01354573 0.8144428 0.5800858 -0.01354587 0.8144428 0.5800874 -0.01348748 0.8144426 0.8189276 -0.01908168 -0.5735796 0.8189256 -0.01907398 -0.5735827 0.8189242 -0.01906855 -0.5735849 0.818929 -0.0190871 -0.5735775 -0.5800866 0.01351927 -0.8144426 -0.5800878 0.01346112 -0.8144428 -0.5800878 0.01346098 -0.8144428 -0.5800866 0.01351941 -0.8144427 -0.08257885 0.9965754 0.004263271 0.000831303 0.9737619 -0.2275677 -0.02590397 0.9934389 -0.1113914 0.04472002 0.9989617 -0.008706447 0.06858163 0.9938163 -0.08732643 -0.04371976 0.9957027 0.08163806 0.09711336 0.9947721 0.03158134 0.0360892 0.9921441 0.1197812 0.03011535 0.9995283 -0.006014694 0.05112297 0.9985332 0.01782775 0.03683308 0.9983468 0.04412599 0.02174782 0.9997635 0 0.003504133 0.9999565 0.008646378 -0.02590397 0.9934389 -0.1113914 0.0334414 0.9992846 -0.01766307 -0.08257885 0.9965754 0.004263271 0.05683 0.9965637 0.06025815 -0.04371976 0.9957027 0.08163806 0.1351158 0.9903251 0.03162221 0.05683 0.9965637 0.06025815 0.0334414 0.9992846 -0.01766307 0.03637179 0.9969421 0.06916288 -0.04371976 0.9957027 0.08163806 0.1733218 0.9848647 0.0009975134 -0.04408936 0.9989811 -0.009634983 0.006692061 0.9972814 -0.07338142 -0.04075044 0.9990848 -0.01300084 0.03634456 0.9985935 0.03860143 0.0193556 0.9970844 -0.0738095 0.09245155 0.9953041 0.02868037 -0.004550959 0.9996845 -0.02470476 -0.04075044 0.9990848 -0.01300084 0.03011535 0.9995283 -0.006014694 -0.04408936 0.9989811 -0.009634983 0.0360892 0.9921441 0.1197812 -0.04371976 0.9957027 0.08163806 -0.04546825 0.9988413 -0.01577288 0.0193556 0.9970844 -0.0738095 -0.04075044 0.9990848 -0.01300084 0.04841748 0.9977313 0.04677871 0.09245155 0.9953041 0.02868037 -0.01642821 0.9969499 0.07629706 0.08399039 0.9964645 0.002038924 0.08001751 0.9663047 0.2446479 0.0297676 0.9978415 0.05853416 0.06938234 0.9971142 -0.03081331 0.006692061 0.9972814 -0.07338142 0.1733218 0.9848647 0.0009975134 0.006552253 0.9973028 -0.07310342 -0.04075044 0.9990848 -0.01300084 0.02598563 0.9996595 -0.00234367 -0.04546825 0.9988413 -0.01577288 0.02602052 0.9996613 -0.0004865 -0.01642821 0.9969499 0.07629706 0.09711336 0.9947721 0.03158134 0.03236724 0.9993729 -0.01436053 0.06858163 0.9938163 -0.08732643 0.03127564 0.9995071 0.002746528 0.02711686 0.9996314 -0.001335702 0.03011535 0.9995283 -0.006014694 0.0538527 0.9981226 0.02917405 0.05259849 0.9986099 -0.003412208 0.1032732 0.9938976 0.03876001 0.03634456 0.9985935 0.03860143 0.05259849 0.9986099 -0.003412208 0.03011535 0.9995283 -0.006014694 0.06381077 0.9969903 0.04402764 0.1032732 0.9938976 0.03876001 0.09245155 0.9953041 0.02868037 0.05857473 0.9981008 -0.01907634 0.00683766 0.9999753 0.001640136 -0.0004538169 0.9995264 -0.03077128 0.08399039 0.9964645 0.002038924 0.00683766 0.9999753 0.001640136 0.09245155 0.9953041 0.02868037 0.01605769 0.9998242 -0.00968656 -0.0004538169 0.9995264 -0.03077128 0.0297676 0.9978415 0.05853416 0.001601067 0.9998821 -0.01526902 -0.00664134 0.9997786 -0.01996775 0.01479052 0.9998907 -6.006028E-07  
					<Tangents>: 616 -0.3073283 -0.9516035 0 -0.8406062 -0.5385391 0.05793712 -0.8471049 -0.5314236 0.001517892 -0.3073356 -0.9516012 0 -0.7586732 -0.6286201 0.1710311 0.3762454 -0.92652 0 -0.3073378 -0.9516006 0 -0.6348752 -0.76606 0.1004273 -0.3073295 -0.9516031 0 0.3762424 -0.9265212 0 0.8837759 -0.4679102 0 0.3762417 -0.9265215 0 0.3762403 -0.9265221 0 0.8837779 -0.4679064 0 0.9777792 0.2096376 0 0.8837751 -0.4679119 0 0.8837751 -0.4679119 0 0.9777766 0.2096495 0 0.6142594 0.7891042 0 0.9777795 0.209636 0 0.8628681 0.4958425 0.097973 0.6142659 0.7890991 0 -0.0366646 0.9993277 0 0.6142673 0.7890979 0 -0.03666934 0.9993274 0 -0.6704426 0.7419613 0 -0.6704459 0.7419585 0 -0.9905125 0.137422 0 -0.0366752 0.9993273 0 -0.9905122 0.1374249 0 -0.8471116 -0.5314128 -0.001517896 -0.8506883 -0.5224678 -0.05793696 -0.67044 0.7419637 0 -0.9905133 0.1374163 0 -0.8961361 -0.4094978 -0.171031 0.6142631 0.7891014 0 -0.03668095 0.9993271 0 -0.6423138 0.7663478 -0.01199601 -0.9905118 0.1374277 0 -0.9863158 -0.06684527 -0.1507075 -0.3841862 0.9232515 -0.002769788 0.276361 0.912491 0.3016368 -0.9465387 0.1142821 -0.3016686 -0.9993275 -0.03666852 0 -0.9993275 -0.03666845 0 -0.9993274 -0.03667042 0 -0.9993275 -0.03666776 0 -0.9993275 -0.03666729 0 -0.9993275 -0.03666709 0 -0.9993275 -0.03666768 0 -0.9993275 -0.03666776 0 -0.9993277 -0.03666346 0 0.9993275 0.03666755 0 0.9993275 0.03666755 0 0.9993277 0.0366643 0 0.9993275 0.03666748 0 0.9993274 0.03666882 0 0.9993275 0.03666739 0 0.9993274 0.03666918 0 0.9993275 0.03666643 0 0.9993275 0.03666584 0 0.9993275 0.03666677 0 -0.9617474 0.2739376 0 -0.6170515 0.7869227 0 -0.9617474 0.2739377 0 -0.6170516 0.7869227 0 -0.03666188 0.9993278 0 -0.03666191 0.9993278 0 0.5577235 0.8300268 0 0.5577234 0.8300268 0 0.9390844 0.3436865 0 0.9390844 0.3436866 0 0.9617474 -0.273938 0 0.9617474 -0.273938 0 0.6170634 -0.7869135 0 0.6170634 -0.7869135 0 0.03666152 -0.9993278 0 0.03666157 -0.9993278 0 -0.5577367 -0.830018 0 -0.5577367 -0.830018 0 -0.9390845 -0.3436863 0 -0.9390845 -0.3436864 0 -0.9617475 0.2739376 0 -0.9617475 0.2739376 0 0.9993275 0.03666721 0 0.9993275 0.03666708 0 0.9993275 0.03666677 0 0.9993275 0.03666724 0 0.9993274 0.03666882 0 0.9993275 0.03666757 0 0.9993275 0.0366656 0 0.9993275 0.03666754 0 0.9993274 0.03666915 0 0.9993277 0.03666429 0 -0.9987206 0.05056717 0 -0.6704509 0.741954 0 -0.6704502 0.7419545 0 -0.9987207 0.05056627 0 -0.74196 -0.6704441 0 -0.7419595 -0.6704447 0 -0.0505721 -0.9987204 0 -0.0505712 -0.9987205 0 0.670444 -0.7419602 0 0.6704447 -0.7419596 0 0.9987206 -0.05056692 0 0.9987207 -0.05056604 0 0.7419657 0.6704379 0 0.741965 0.6704386 0 0.05057185 0.9987204 0 0.050571 0.9987205 0 -0.6704501 0.7419546 0 -0.6704507 0.741954 0 -0.8195747 0.01908565 -0.5726542 -0.8195747 0.01908563 -0.5726542 -0.8195748 0.01908563 -0.5726542 -0.8195747 0.01908564 -0.5726542 -0.8195749 0.01908563 -0.5726542 -0.8195749 0.0190856 -0.5726541 -0.8195749 0.01908563 -0.5726541 -0.8195749 0.01908559 -0.5726541 0.02329943 0.9997285 0 0.02329939 0.9997285 0 0.02329936 0.9997285 0 0.02329947 0.9997285 0 -0.8195747 0.0190856 -0.5726543 -0.8195748 0.01908564 -0.5726542 -0.8195749 0.01908564 -0.5726541 -0.8195748 0.0190856 -0.5726542 0.02328632 0.9997289 0 0.02331327 0.9997281 0 0.02333226 0.9997278 0 0.02326733 0.9997292 0 -0.8195747 0.01908565 -0.5726542 -0.8195749 0.01908563 -0.5726542 -0.8195748 0.01908563 -0.5726542 -0.8195748 0.01908565 -0.5726542 -0.3638057 -0.9314749 0 -0.8713607 -0.4872113 0.05792831 -0.8774204 -0.47972 0.001514667 -0.3637939 -0.9314795 0 -0.7949807 -0.5820249 0.171034 0.3200282 -0.947408 0 -0.3638061 -0.9314747 0 -0.6796319 -0.7266458 0.1004315 -0.363771 -0.9314884 0 0.3200426 -0.9474032 0 0.8541438 -0.5200368 0 0.3200434 -0.9474028 0 0.3200745 -0.9473923 0 0.8541437 -0.5200371 0 0.9885832 0.1506759 0 0.8541578 -0.520014 0 0.8541471 -0.5200313 0 0.988584 0.1506703 0 0.66045 0.7508701 0 0.9885847 0.1506658 0 0.8910372 0.4432322 0.09796964 0.6604505 0.7508696 0 0.02329682 0.9997286 0 0.6604535 0.7508669 0 0.02329051 0.9997287 0 -0.6247738 0.7808058 0 -0.6247821 0.7807993 0 -0.9804997 0.196521 0 0.02329396 0.9997286 0 -0.9804986 0.1965258 0 -0.8774264 -0.4797088 -0.001514649 -0.8804612 -0.4705642 -0.05794217 -0.6247879 0.7807945 0 -0.9804968 0.1965349 0 -0.9190667 -0.3550575 -0.1710279 0.6604701 0.7508523 0 0.02331557 0.9997281 0 -0.5952628 0.8034415 -0.01200311 -0.9804989 0.196525 0 -0.9885472 -0.007628399 -0.1507185 -0.3281249 0.9446304 -0.002741876 0.3310465 0.89409 0.3016809 -0.9379864 0.1707907 -0.3016822 -0.999729 0.02327686 0 -0.999729 0.02327981 0 -0.9997292 0.02327113 0 -0.999729 0.02327713 0 -0.9997291 0.02327626 0 -0.999729 0.0232818 0 -0.9997291 0.0232728 0 -0.9997287 0.02328915 0 -0.9997285 0.02329946 0 0 0 -1 0 0 -1 0 0 -1 0 0 -1 0 0 -1 0 0 -1 0 0 -1 0 0 -1 0.02329946 0.9997285 0 0.02329927 0.9997285 0 0.02329914 0.9997285 0 0.0232996 0.9997285 0 0 0 -1 0 0 -1 0 0 -1 0 0 -1 0.02329995 0.9997285 0 0.02330012 0.9997285 0 0.02330024 0.9997285 0 0.02329983 0.9997285 0 0 0 -1 0 0 -1 0 0 -1 0 0 -1 0 0 -1 0 0 -1 0 0 -1 0 0 -1 0 0 -1 0 0 -1 0 0 -1 0 0 -1 0.02326703 0.9997292 0 0.02326684 0.9997292 0 0.02326671 0.9997292 0 0.02326716 0.9997292 0 0 0 -1 0 0 -1 0 0 -1 0 0 -1 0.02326723 0.9997292 0 0.02326757 0.9997292 0 0.02326782 0.9997292 0 0.02326698 0.9997292 0 0 0 -1 0 0 -1 0 0 -1 0 0 -1 0.999729 -0.02328073 0 0.999729 -0.02328075 0 0.999729 -0.02328074 0 0.999729 -0.02328073 0 0.999729 -0.02328079 0 0.999729 -0.02328081 0 0.999729 -0.02328079 0 0.999729 -0.02328081 0 0.02326686 0.9997292 0 0.02326693 0.9997292 0 0.02326699 0.9997292 0 0.0232668 0.9997292 0 0.999729 -0.02328078 0 0.999729 -0.02328075 0 0.999729 -0.02328075 0 0.999729 -0.02328078 0 0.02329965 0.9997285 0 0.02329959 0.9997285 0 0.02329955 0.9997285 0 0.02329969 0.9997285 0 0.999729 -0.02328073 0 0.999729 -0.02328079 0 0.999729 -0.02328079 0 0.999729 -0.02328073 0 -0.999729 0.02328078 0 -0.999729 0.02328076 0 -0.999729 0.02328078 0 -0.999729 0.02328079 0 -0.999729 0.02328078 0 -0.999729 0.02328077 0 -0.999729 0.02328077 0 -0.999729 0.02328076 0 -0.999729 0.0232808 0 -0.999729 0.02328082 0 -0.999729 0.0232808 0 -0.999729 0.02328073 0 -0.999729 0.02328074 0 -0.999729 0.02328075 0 -0.999729 0.02328074 0 -0.999729 0.02328078 0 -0.999729 0.02328079 0 -0.999729 0.02328079 0 -0.999729 0.02328064 0 -0.999729 0.02328067 0 -0.999729 0.02328059 0 -0.999729 0.02328068 0 -0.999729 0.02328068 0 -0.999729 0.02328069 0 -0.999729 0.02328069 0 -0.999729 0.02328074 0 -0.999729 0.02328075 0 -0.999729 0.02328072 0 -0.999729 0.0232807 0 -0.999729 0.02328066 0 -0.999729 0.02328066 0 -0.999729 0.02328067 0 -0.999729 0.02328064 0 -0.999729 0.02328061 0 -0.999729 0.02328064 0 -0.999729 0.02328061 0 -0.999729 0.02328158 0 -0.999729 0.02327805 0 -0.9997287 0.0232885 0 -0.999729 0.02328107 0 -0.999729 0.02328121 0 -0.999729 0.0232777 0 -0.9997295 0.02325729 0 -0.999729 0.02328141 0 -0.9997287 0.02328978 0 -0.9997287 0.02329062 0 0.6064671 0.7951085 0 0.9579947 0.2867857 0 0.9579945 0.2867864 0 0.606463 0.7951117 0 0.02328997 0.9997287 0 0.02329183 0.9997287 0 -0.5687978 0.8224774 0 -0.5688015 0.8224749 0 -0.9436066 0.3310687 0 -0.9436107 0.3310571 0 -0.9579914 -0.2867969 0 -0.9579914 -0.2867969 0 -0.6064605 -0.7951136 0 -0.6064625 -0.7951121 0 -0.02329122 -0.9997287 0 -0.02328891 -0.9997287 0 0.5687925 -0.8224811 0 0.5687901 -0.8224827 0 0.943606 -0.3310706 0 0.9436033 -0.3310783 0 0.9579945 0.2867865 0 0.9579947 0.2867857 0 -0.9997291 0.02327485 0 -0.9997289 0.02328279 0 -0.9997292 0.02326669 0 -0.999729 0.02328157 0 -0.9997292 0.02327071 0 -0.999729 0.0232817 0 -0.9997285 0.02329738 0 -0.999729 0.02328033 0 -0.9997299 0.02323666 0 -0.999729 0.0232807 0 0.465861 0.884858 0 0.6301742 0.7764539 0 0.6651066 0.7467483 0 0.4436087 0.8962205 0 0.6391875 0.769051 0 0.4673524 0.8840711 0 0.4435707 0.8962394 0 0.6651578 0.7467027 0 0 0.001269469 -0.9999992 0 0.00397547 -0.9999921 0 0.0057548 -0.9999834 0 0 -1 0 0.002312159 -0.9999974 0 0.0007875098 -0.9999998 0 0.003395895 -0.9999943 0 0 -1 0.9997289 -0.02328343 0 0.999729 -0.0232792 0 0.9997287 -0.02329101 0 0.999729 -0.02328063 0 0.9997287 -0.02328793 0 0.9997291 -0.02327527 0 0.9997292 -0.02327047 0 0.999729 -0.02327706 0 0.9997292 -0.02326778 0 0.9997289 -0.02328507 0 -0.943608 0.3310649 0 -0.5687901 0.8224827 0 -0.9436084 0.3310637 0 -0.5687894 0.8224832 0 0.02328271 0.9997289 0 0.02328271 0.9997289 0 0.6064502 0.7951215 0 0.6064488 0.7951226 0 0.9579918 0.2867954 0 0.9579914 0.2867972 0 0.9436036 -0.3310772 0 0.9435979 -0.3310935 0 0.5688 -0.8224759 0 0.5687906 -0.8224824 0 -0.02326578 -0.9997293 0 -0.02327748 -0.999729 0 -0.6064642 -0.7951108 0 -0.6064689 -0.7951072 0 -0.9579895 -0.2868033 0 -0.9579842 -0.286821 0 -0.9436084 0.3310637 0 -0.943608 0.3310649 0 0.9997289 -0.02328244 0 0.999729 -0.02328021 0 0.999729 -0.02328127 0 0.9997289 -0.02328305 0 0.999729 -0.02328134 0 0.999729 -0.0232791 0 0.9997292 -0.02326826 0 0.999729 -0.02328194 0 0.9997291 -0.02327476 0 0.9997287 -0.02329089 0 -0.5934638 0.8048608 0 -0.42419 0.9055732 0 -0.6297656 0.7767853 0 -0.4014172 0.9158953 0 -0.4257497 0.904841 0 -0.6027768 0.7979099 0 -0.4014229 0.9158928 0 -0.6297613 0.7767887 0 0 0.00397339 -0.9999921 0 0.001273219 -0.9999992 0 0.00574883 -0.9999835 0 0 -1 0 0.0007756165 -0.9999998 0 0.00230554 -0.9999974 0 0.003393052 -0.9999943 0 0 -1 -0.9938945 0.110334 0 -0.6247984 0.7807862 0 -0.624779 0.7808016 0 -0.9938951 0.1103293 0 -0.7808137 -0.624764 0 -0.7808166 -0.6247603 0 -0.1103006 -0.9938983 0 -0.1103017 -0.9938982 0 0.6248068 -0.7807794 0 0.6248084 -0.7807782 0 0.9938946 -0.1103336 0 0.9938955 -0.1103257 0 0.7807954 0.6247868 0 0.7808036 0.6247765 0 0.1103037 0.993898 0 0.1103064 0.9938976 0 -0.624779 0.7808016 0 -0.6247983 0.7807862 0 -0.9999765 0.002358306 0.006438292 -0.9964624 -0.08263494 0.0153002 -0.9996592 -0.02538064 0.006113822 -0.9989754 0.04477791 0.006571452 -0.9989177 -0.04486659 0.01226557 -0.99761 0.06905495 0.002407141 -0.9993191 0.03674858 -0.003299748 -0.9952434 0.09730756 -0.00466809 -0.9995377 0.03008932 -0.004373061 -0.9991457 0.03761859 -0.01710511 -0.9979353 0.05177098 -0.03801035 -0.9997635 0.02174782 0 -0.9999449 0.003589342 -0.009858944 -0.9987777 0.03277037 -0.03700405 -0.9995732 -0.0242346 0.01631462 -0.9983835 0.05677165 0.002681396 -0.9958397 -0.08268174 0.03830116 -0.9984841 -0.04628443 0.02979068 -0.9983416 0.05616817 0.01262214 -0.990702 0.1345172 0.02035833 -0.9993993 0.03327403 -0.009686419 -0.9993196 0.03585975 0.00863105 -0.984365 0.1732015 0.03204245 -0.9990367 -0.04326279 -0.007358914 -0.9999391 0.00731762 0.00825918 -0.9988098 -0.04427904 -0.02044987 -0.9991485 -0.04083028 -0.005935861 -0.9997706 0.01862488 -0.01057564 -0.9993371 0.03639734 -0.0006654551 -0.9955254 0.0918301 0.02227981 -0.9999532 -0.004760516 -0.008430135 -0.9995055 0.03005913 -0.009229088 -0.9991266 -0.04086559 -0.008719176 -0.9993339 0.03647695 -0.001045394 -0.9990267 -0.04410041 -0.0009366836 -0.9990402 -0.04335433 -0.00624427 -0.9997975 0.01970906 0.004063285 -0.9987286 -0.04579583 -0.02106967 -0.9989499 -0.04101077 -0.02042811 -0.9988083 0.04865139 -0.003874192 -0.9995284 -0.01439473 -0.02712596 -0.9955828 0.09192738 0.0190888 -0.9962841 0.08537626 -0.01136045 -0.9961604 0.08391369 0.02496068 -0.9989096 0.02759016 0.03766224 -0.999967 0.007012973 0.004116393 -0.9974738 0.06981283 0.01312083 -0.984422 0.1732134 0.03017647 -0.9999775 0.00664026 0.0009608874 -0.9996557 0.02599386 0.003553404 -0.9991641 -0.04078877 -0.002698077 -0.9996141 0.02602402 0.009713515 -0.9988492 -0.04521598 0.01599752 -0.998629 -0.02015325 0.0483125 -0.9994755 0.03234953 -0.001464116 -0.9952615 0.09721798 -0.001790217 -0.9976432 0.06850778 -0.003845896 -0.99951 0.03127902 -0.00119569 -0.9995307 0.03008052 -0.00580095 -0.9996284 0.02712041 0.002717183 -0.9986155 0.05260079 0.0005899848 -0.998533 0.0536641 0.007209892 -0.9946113 0.1028334 0.01317971 -0.9985873 0.05262247 0.007369207 -0.9993392 0.03630341 0.001766656 -0.9995211 0.0300713 -0.00728471 -0.9979573 0.06388301 0 -0.995695 0.09260317 -0.004001922 -0.9946529 0.103177 0.004479032 -0.9998835 0.0068594 -0.01363698 -0.998281 0.05852499 -0.003156027 -0.9999847 -0.0006231779 -0.005494495 -0.9999547 0.006848359 -0.006609275 -0.9964557 0.08399881 -0.00447985 -0.9954588 0.09304538 -0.02010914 -0.9998332 0.01597203 -0.008856628 -0.9994202 0.03068064 -0.01476202 -0.9999739 -0.0006753939 -0.007190763 -0.9997043 -0.00710524 -0.023252 -0.9999825 0.001513789 -0.005725891 -0.9998907 0.01479052 0 -0.8142219 0.01896083 0.5802441 -0.8142219 0.01896084 0.5802441 -0.8142219 0.01896084 0.5802441 -0.8142219 0.01896083 0.5802441 -0.814222 0.01896085 0.5802439 -0.814222 0.01896085 0.580244 -0.814222 0.01896085 0.5802439 -0.814222 0.01896085 0.580244 0.02329969 0.9997285 0 0.02329972 0.9997285 0 0.02329974 0.9997285 0 0.02329968 0.9997285 0 -0.8142218 0.01896081 0.5802441 -0.814222 0.0189609 0.580244 -0.814222 0.0189609 0.5802439 -0.8142218 0.01896081 0.5802441 0.02326703 0.9997292 0 0.02326705 0.9997292 0 0.02326707 0.9997292 0 0.02326701 0.9997292 0 -0.8142219 0.01896083 0.5802441 -0.814222 0.01896085 0.5802439 -0.814222 0.01896085 0.5802439 -0.814222 0.01896083 0.5802441 -0.9964624 -0.08263495 0.0153002 -0.9999765 0.002358309 0.006438307 -0.9996592 -0.02538064 0.006113814 -0.9989754 0.04477791 0.006571454 -0.99761 0.06905495 0.00240717 -0.9989177 -0.04486659 0.01226556 -0.9952434 0.09730756 -0.004668074 -0.9993191 0.03674858 -0.003299762 -0.9995377 0.03008932 -0.004373043 -0.9979353 0.05177098 -0.03801037 -0.9991457 0.03761859 -0.01710513 -0.9997635 0.02174782 0 -0.9999449 0.003589342 -0.00985896 -0.9995732 -0.02423462 0.01631461 -0.9987777 0.03277037 -0.03700408 -0.9958397 -0.08268174 0.03830117 -0.9983835 0.05677165 0.002681383 -0.9984841 -0.04628444 0.0297907 -0.990702 0.1345172 0.02035833 -0.9983416 0.05616817 0.01262213 -0.9993993 0.03327403 -0.009686445 -0.9993196 0.03585975 0.008631047 -0.9990367 -0.04326279 -0.007358901 -0.984365 0.1732015 0.03204246 -0.9988098 -0.04427904 -0.02044986 -0.9999391 0.00731762 0.008259177 -0.9991485 -0.04083028 -0.005935856 -0.9993371 0.03639734 -0.0006654334 -0.9997706 0.01862488 -0.01057562 -0.9955254 0.0918301 0.02227982 -0.9999532 -0.004760514 -0.00843013 -0.9991266 -0.0408656 -0.008719151 -0.9995055 0.03005913 -0.009229058 -0.9990267 -0.0441004 -0.0009366834 -0.9993339 0.03647695 -0.001045397 -0.9990402 -0.04335433 -0.006244292 -0.9987286 -0.04579583 -0.02106969 -0.9997975 0.01970905 0.004063273 -0.9989499 -0.04101077 -0.02042809 -0.9988083 0.04865139 -0.00387422 -0.9955828 0.09192739 0.01908877 -0.9995284 -0.01439472 -0.027126 -0.9961604 0.0839137 0.02496065 -0.9962841 0.08537626 -0.01136047 -0.9989096 0.02759016 0.03766224 -0.9974738 0.06981283 0.01312082 -0.999967 0.007012972 0.004116391 -0.984422 0.1732134 0.03017648 -0.9999775 0.00664026 0.0009608839 -0.9991641 -0.04078878 -0.002698074 -0.9996557 0.02599386 0.003553394 -0.9988492 -0.04521598 0.01599752 -0.9996141 0.02602402 0.009713513 -0.998629 -0.02015325 0.04831249 -0.9952615 0.09721798 -0.001790222 -0.9994755 0.03234953 -0.001464119 -0.9976432 0.06850778 -0.003845904 -0.99951 0.03127902 -0.001195702 -0.9996284 0.02712041 0.002717194 -0.9995307 0.03008052 -0.005800964 -0.998533 0.0536641 0.007209892 -0.9986155 0.0526008 0.0005899583 -0.9946113 0.1028334 0.0131797 -0.9993392 0.03630341 0.001766686 -0.9985873 0.05262248 0.007369206 -0.9995211 0.0300713 -0.007284693 -0.9979573 0.06388301 0 -0.9946529 0.103177 0.004479024 -0.995695 0.09260317 -0.004001889 -0.998281 0.05852499 -0.003156021 -0.9998835 0.0068594 -0.01363697 -0.9999847 -0.0006231767 -0.005494464 -0.9964557 0.08399881 -0.004479832 -0.9999547 0.006848359 -0.006609263 -0.9954588 0.09304538 -0.02010914 -0.9998332 0.01597203 -0.008856618 -0.9999739 -0.0006753934 -0.00719075 -0.9994202 0.03068064 -0.01476199 -0.9999825 0.001513788 -0.005725895 -0.9997043 -0.00710524 -0.023252 -0.9998907 0.01479052 0  
					<BiTangents>: 616 -0.003973545 0.00128329 -0.9999913 -0.1354503 0.1054393 -0.9851577 -0.003502072 0.002726161 -0.9999902 -0.1537558 0.04965803 -0.9868603 -0.4947221 0.3851107 -0.7790634 -0.003860188 -0.001567562 -0.9999913 -0.5739704 0.1853748 -0.7976179 -0.7552155 0.5878828 -0.2899025 -0.9057108 0.2925082 -0.306801 -0.1496999 -0.06079026 -0.9868609 -0.00195005 -0.003683202 -0.9999913 -0.5588449 -0.2269357 -0.7976169 -0.8818391 -0.3580956 -0.3068017 -0.07560223 -0.1427969 -0.9868603 0.0008734539 -0.004073912 -0.9999913 -0.2822277 -0.5330615 -0.797617 -0.4453461 -0.8411536 -0.3068022 0.03387532 -0.1579899 -0.9868595 0.003291857 -0.002562468 -0.9999913 0.1264457 -0.589765 -0.7976145 0.5013202 -0.8149537 -0.2907378 0.1274979 -0.09924939 -0.9868606 0.004161819 0.0001526941 -0.9999914 0.4759539 -0.3705028 -0.7976187 0.1614662 0.005924843 -0.9868605 0.003094897 0.002796575 -0.9999913 0.1198827 0.108328 -0.9868602 0.0005730961 0.004130771 -0.9999913 0.602762 0.0221213 -0.7976143 0.02220463 0.1600434 -0.9868602 -0.0009304062 0.00433945 -0.9999902 -0.03598547 0.1678371 -0.9851577 0.4475251 0.4043846 -0.797618 0.08288512 0.597446 -0.7976142 -0.1314348 0.6130131 -0.7790635 0.751045 -0.5846387 -0.3068043 0.9511341 0.03491199 -0.3067981 0.7318567 0.6086063 -0.3065683 0.1308 0.9427423 -0.3068034 -0.02445319 0.9633201 -0.2672384 0.8784065 0.3664456 0.3067892 0.9502716 -0.306335 0.05606036 0.1372147 0.9889637 -0.05588314 0.03666852 -0.9993275 0 0.03666845 -0.9993275 0 0.03667042 -0.9993274 0 0.03666776 -0.9993275 0 0.03666729 -0.9993275 0 0.03666709 -0.9993275 0 0.03666768 -0.9993275 0 0.03666776 -0.9993275 0 0.03666346 -0.9993277 0 -0.03666755 0.9993275 0 -0.03666755 0.9993275 0 -0.0366643 0.9993277 0 -0.03666748 0.9993275 0 -0.03666883 0.9993275 0 -0.03666739 0.9993275 0 -0.03666919 0.9993275 0 -0.03666643 0.9993275 0 -0.03666585 0.9993276 0 -0.03666677 0.9993275 0 0 0 1 0 0 1 0 0 1 0 0 1 0 0 1 0 0 1 0 0 1 0 0 1 0 0 1 0 0 1 0 0 1 0 0 1 0 0 1 0 0 1 0 0 1 0 0 1 0 0 1 0 0 1 0 0 1 0 0 1 0 0 1 0 0 1 -0.03666721 0.9993275 0 -0.03666708 0.9993275 0 -0.03666677 0.9993275 0 -0.03666724 0.9993275 0 -0.03666883 0.9993275 0 -0.03666757 0.9993275 0 -0.0366656 0.9993276 0 -0.03666754 0.9993275 0 -0.03666916 0.9993275 0 -0.03666429 0.9993277 0 0 0 1 0 0 1 0 0 1 0 0 1 0 0 1 0 0 1 0 0 1 0 0 1 0 0 1 0 0 1 0 0 1 0 0 1 0 0 1 0 0 1 0 0 1 0 0 1 0 0 1 0 0 1 0.5724991 -0.01333292 -0.819797 0.5724992 -0.0133302 -0.819797 0.5724991 -0.01333019 -0.819797 0.5724991 -0.01333294 -0.819797 -0.572499 0.01333317 0.819797 -0.572499 0.0133282 0.8197971 -0.5724989 0.01333319 0.8197971 -0.572499 0.01332818 0.8197971 -0.5734254 0.01336412 0.8191488 -0.5734254 0.01336409 0.8191488 -0.5734254 0.01336408 0.8191488 -0.5734254 0.01336414 0.8191488 -0.02326731 -0.9997293 -1.944263E-05 -0.02328697 -0.9997288 8.636393E-06 -0.02328702 -0.9997288 8.706936E-06 -0.02326727 -0.9997293 -1.950958E-05 0.573409 -0.0133562 -0.8191604 0.5734206 -0.01337195 -0.8191519 0.5734289 -0.01338303 -0.819146 0.5734007 -0.01334512 -0.8191664 -0.02328699 -0.9997288 8.656347E-06 -0.0232613 -0.9997294 -2.810282E-05 -0.02326124 -0.9997294 -2.818766E-05 -0.02328705 -0.9997289 8.745716E-06 -0.003860607 0.001507835 -0.9999914 -0.1288858 0.1133749 -0.9851571 -0.003325292 0.00292468 -0.9999902 -0.1505086 0.05878189 -0.9868596 -0.4707578 0.4140673 -0.7790605 -0.003941428 -0.001331388 -0.9999914 -0.561831 0.2194343 -0.7976181 -0.7186349 0.632069 -0.2899183 -0.8865625 0.3462262 -0.3068134 -0.1530825 -0.05171287 -0.9868594 -0.002170803 -0.003565475 -0.9999913 -0.5714384 -0.1930383 -0.797618 -0.9017017 -0.3046381 -0.3068056 -0.08403157 -0.1380191 -0.9868584 0.0006273856 -0.00411627 -0.9999914 -0.3136583 -0.5152047 -0.7976106 -0.4949496 -0.8129506 -0.3068162 0.0243446 -0.1597307 -0.9868604 0.003125149 -0.002748817 -0.9999913 0.09087542 -0.5962738 -0.797621 0.4515703 -0.8435339 -0.2907487 0.1213167 -0.1067078 -0.9868616 0.004167406 -9.711364E-05 -0.9999914 0.4528921 -0.3983584 -0.7976211 0.1615094 -0.003762658 -0.986864 0.003264718 0.002612314 -0.9999912 0.1261571 0.1009487 -0.9868605 0.000820798 0.004095196 -0.9999912 0.6029792 -0.01404959 -0.7976332 0.03175401 0.1584258 -0.9868602 -0.0006672734 0.0043779 -0.9999902 -0.02586441 0.1696999 -0.9851563 0.4709463 0.3768489 -0.797618 0.118542 0.5913966 -0.7976202 -0.09446492 0.6197894 -0.7790619 0.7146436 -0.62862 -0.3067923 0.9515122 -0.02219108 -0.3068096 0.766995 0.5636799 -0.3065676 0.1870469 0.9332107 -0.3068084 0.03331466 0.963051 -0.2672509 0.8988037 0.3130971 0.3067933 0.9300272 -0.3632143 0.05590011 0.1962242 0.9789657 -0.0558778 -0.02327686 -0.999729 0 -0.02327981 -0.999729 0 -0.02327113 -0.9997292 0 -0.02327713 -0.999729 0 -0.02327626 -0.9997291 0 -0.0232818 -0.999729 0 -0.0232728 -0.9997292 0 -0.02328916 -0.9997288 0 -0.02329946 -0.9997285 0 0.999729 -0.0232784 0 0.999729 -0.02328037 0 0.999729 -0.02328039 0 0.999729 -0.02327839 0 -0.999729 0.02328042 0 -0.9997289 0.02328337 0 -0.999729 0.02328039 0 -0.9997289 0.0232834 0 -0.9997285 0.02329946 5.670375E-06 -0.9997286 0.02329927 2.343088E-06 -0.9997286 0.02329915 -2.553044E-10 -0.9997285 0.0232996 8.009381E-06 -0.02329994 -0.9997285 0 -0.02329962 -0.9997285 0 -0.02329961 -0.9997285 0 -0.02329994 -0.9997285 0 0.9997285 -0.02329995 -6.801003E-10 0.9997285 -0.02330012 -6.585593E-10 0.9997285 -0.02330024 -6.434963E-10 0.9997285 -0.02329983 -6.951956E-10 -0.02329948 -0.9997285 0 -0.02329985 -0.9997285 0 -0.02329985 -0.9997285 0 -0.02329947 -0.9997285 0 0.9997292 -0.02327266 0 0.9997291 -0.0232766 0 0.9997291 -0.02327663 0 0.9997292 -0.02327262 0 -0.9997289 0.02328361 0 -0.999729 0.02327967 0 -0.9997289 0.02328364 0 -0.999729 0.02327963 0 -0.9997293 0.02326703 -8.009652E-06 -0.9997293 0.02326684 -8.009652E-06 -0.9997293 0.02326671 -8.009651E-06 -0.9997293 0.02326716 -8.009652E-06 -0.02326742 -0.9997293 0 -0.02326723 -0.9997293 0 -0.02326723 -0.9997293 0 -0.02326741 -0.9997293 0 0.9997293 -0.02326723 2.793837E-10 0.9997293 -0.02326758 4.16299E-10 0.9997293 -0.02326782 5.12796E-10 0.9997293 -0.02326699 1.827728E-10 -0.02326709 -0.9997293 0 -0.0232669 -0.9997293 0 -0.0232669 -0.9997293 0 -0.02326709 -0.9997293 0 -3.476612E-08 -1.492939E-06 1 0 0 1 0 0 1 -3.497094E-08 -1.501734E-06 1 -3.53122E-08 -1.516385E-06 -1 -9.291601E-08 -3.990017E-06 -1 -3.497131E-08 -1.501746E-06 -1 -9.325692E-08 -4.004656E-06 -1 0 0 -1 0 0 -1 0 0 -1 0 0 -1 -0.02328078 -0.999729 0 -0.02328075 -0.999729 0 -0.02328075 -0.999729 0 -0.02328078 -0.999729 0 0 0 1 0 0 1 0 0 1 0 0 1 -0.02328073 -0.999729 1.610923E-05 -0.02328079 -0.999729 -1.610916E-05 -0.02328079 -0.999729 -1.620284E-05 -0.02328073 -0.999729 1.620264E-05 0.01335326 0.573419 0.8191534 0.02292704 0.9845393 0.1736567 0.02292708 0.9845403 0.1736513 0.01335329 0.5734201 0.8191527 -0.004042625 -0.1735994 0.9848081 -0.004042593 -0.1735981 0.9848083 -0.01907042 -0.8189272 0.5735805 -0.01907059 -0.8189347 0.5735698 -0.02292713 -0.9845417 -0.1736436 -0.02292712 -0.9845405 -0.1736501 -0.01335322 -0.573417 -0.8191547 -0.01335341 -0.5734265 -0.8191482 0.00404252 0.1735952 -0.9848088 0.004042508 0.1735946 -0.9848089 0.01907041 0.8189273 -0.5735803 0.01907052 0.818931 -0.5735751 0.02292709 0.9845403 0.1736513 0.02292707 0.9845393 0.1736567 0.01335332 0.5734252 0.8191491 0.02292701 0.984542 0.173642 0.02292688 0.9845396 0.1736553 0.01335338 0.5734266 0.8191481 -0.004042534 -0.1735962 0.9848086 -0.004042406 -0.1735906 0.9848096 -0.01907038 -0.8189279 0.5735795 -0.01907048 -0.8189307 0.5735755 -0.02292709 -0.9845421 -0.1736415 -0.02292701 -0.98454 -0.1736528 -0.01335337 -0.5734258 -0.8191487 -0.01335328 -0.5734226 -0.8191509 0.004042629 0.1736004 -0.9848078 0.004042688 0.1736029 -0.9848074 0.01907046 0.818933 -0.5735722 0.01907035 0.8189297 -0.573577 0.02292692 0.9845396 0.1736553 0.02292695 0.984542 0.173642 0.02328158 0.999729 5.642727E-06 0.02327805 0.999729 -2.953103E-06 0.0232885 0.9997288 1.383015E-05 0.02328107 0.999729 3.668309E-08 0.02328121 0.999729 1.546244E-05 0.02327771 0.999729 -3.283317E-06 0.02325729 0.9997295 -8.543055E-06 0.02328141 0.999729 4.562293E-07 0.02328978 0.9997287 2.502044E-05 0.02329062 0.9997287 4.274017E-06 1.079947E-06 -8.237266E-07 1 0 0 1 0 0 1 2.124035E-06 -1.620085E-06 1 5.677571E-07 -1.322663E-08 1 0 0 1 -6.980534E-07 -4.827503E-07 1 1.665274E-06 1.151659E-06 1 6.882913E-07 1.961757E-06 1 2.271133E-06 6.473402E-06 1 -1.456509E-06 4.865197E-06 1 -9.316445E-07 3.111985E-06 1 2.489749E-07 -1.899017E-07 1 0 0 1 -7.462234E-06 1.738517E-07 1 -1.182222E-05 2.754014E-07 1 -1.096841E-05 -7.585282E-06 1 -8.650351E-06 -5.982173E-06 1 -2.208318E-06 -6.29407E-06 1 -5.446957E-07 -1.552432E-06 1 0 0 1 0 0 1 0.02327485 0.9997291 -1.44674E-06 0.02328279 0.9997289 -1.981068E-06 0.0232667 0.9997293 -1.118948E-05 0.02328157 0.999729 1.272485E-06 0.02327071 0.9997292 1.546194E-05 0.0232817 0.999729 -1.524687E-06 0.02329738 0.9997286 1.118937E-05 0.02328033 0.999729 -2.010746E-06 0.02323666 0.99973 -4.271643E-06 0.0232807 0.999729 1.383075E-05 -0.8822817 0.4645047 -0.07625271 -0.7738802 0.6280853 -0.0813527 -0.7441733 0.6628131 -0.0829747 -0.8936401 0.4423314 -0.07583044 0.7628873 -0.6340646 -0.1263534 0.8767805 -0.4634983 -0.1281613 0.8887756 -0.4398767 -0.1287881 0.7406967 -0.6598077 -0.1265781 0.8757837 -0.4827033 -0.0006127775 0.8762829 -0.4817932 -0.001915369 0.8766116 -0.4811905 -0.002769201 0.8755487 -0.4831299 0 -0.9156444 0.4019881 0.0009294629 -0.9153885 0.4025715 0.0003170291 -0.9158264 0.401572 0.001363704 -0.9152577 0.402869 0 0.02328343 0.9997289 0 0.0232792 0.999729 0 0.02329101 0.9997287 0 0.02328063 0.999729 0 0.02328793 0.9997288 0 0.02327527 0.9997291 0 0.02327047 0.9997292 0 0.02327707 0.999729 0 0.02326779 0.9997293 0 0.02328507 0.9997289 0 0 0 1 0 0 1 3.220854E-07 9.180182E-07 1 0 0 1 0 0 1 0 0 1 0 0 1 5.982665E-07 -4.563045E-07 1 5.668749E-07 -1.89355E-06 1 1.028257E-06 -3.434697E-06 1 -3.771866E-06 -1.07502E-05 1 -1.682903E-06 -4.79618E-06 1 -3.22872E-06 -2.232887E-06 1 2.665323E-06 1.843213E-06 1 0 0 1 6.847024E-06 -1.594247E-07 1 6.452509E-06 -4.921598E-06 1 5.682421E-06 -4.334272E-06 1 -5.729556E-07 1.913804E-06 1 -2.574165E-06 8.59773E-06 1 3.220854E-07 9.180182E-07 1 0 0 1 0.02328244 0.9997289 3.253645E-06 0.02328021 0.999729 3.302037E-07 0.02328127 0.999729 -1.118753E-05 0.02328305 0.9997289 5.03922E-08 0.02328134 0.999729 -4.273681E-06 0.0232791 0.999729 -3.302139E-07 0.02326827 0.9997293 0 0.02328194 0.999729 -3.253749E-06 0.02327476 0.9997291 1.118793E-05 0.02329089 0.9997287 4.273379E-06 0.802193 0.5914968 -0.0813508 0.902937 0.4229551 -0.0762483 0.7741067 0.6275941 -0.08297364 0.9132586 0.4002616 -0.07582564 -0.897379 -0.4222387 -0.1281618 -0.791515 -0.5979459 -0.126352 -0.9082653 -0.3980799 -0.1287889 -0.770541 -0.6246961 -0.1265763 -0.8977597 -0.4404821 -0.001750221 -0.8973037 -0.4414134 -0.0005620164 -0.8980598 -0.4398661 -0.002528757 -0.8970889 -0.4418501 0 0.9331347 0.3595269 0.000278855 0.9333629 0.3589333 0.0008275372 0.9335251 0.35851 0.00121645 0.933018 0.3598296 0 0 0 1 0 0 1 -2.144916E-07 -1.716311E-07 1 0 0 1 0 0 1 0 0 1 0 0 1 0 0 1 0 0 1 0 0 1 0 0 1 0 0 1 0 0 1 0 0 1 0 0 1 0 0 1 -2.144916E-07 -1.716311E-07 1 0 0 1 0.006806038 0.227557 0.973741 0.0156001 -0.002984716 0.9998739 0.003246525 0.1115117 0.9937578 0.006954485 0.00840365 0.9999405 0.01587568 -0.08101346 0.9965866 0.008422578 0.08695263 0.9961769 -0.007675614 -0.1195806 0.9927948 -0.007716789 -0.03097779 0.9994903 -0.004190021 0.006143609 0.9999723 -0.01873679 -0.04345826 0.9988796 -0.03887757 -0.01584774 0.9991183 0 0 1 -0.009889551 -0.008611357 0.999914 -0.03639875 0.01887895 0.999159 0.01350806 0.1117664 0.9936427 -0.0007487728 -0.06031313 0.9981792 0.03852249 -0.001082668 0.9992571 0.03344123 -0.08021186 0.9962167 0.009194181 -0.06087553 0.998103 0.01590764 -0.03407893 0.9992926 -0.009091767 0.01797639 0.999797 0.006124494 -0.06942975 0.9975681 0.03138472 -0.006535576 0.999486 -0.0037954 -0.08188114 0.9966348 0.008773705 0.07332169 0.9972697 -0.02085566 0.008721896 0.9997445 -0.006461256 0.01274788 0.9998978 -0.009170112 0.07399727 0.9972163 -0.002069509 -0.03855166 0.9992545 0.01954147 -0.03061184 0.9993404 -0.008545083 0.02466523 0.9996593 -0.009043939 0.006289657 0.9999393 -0.009242483 0.01263418 0.9998775 -0.005406435 -0.1196637 0.9927998 -0.001360636 0.009584308 0.9999532 -0.002678073 -0.08183271 0.9966425 0.005506155 0.07371592 0.9972641 -0.02176759 0.01479483 0.9996536 -0.02094259 0.01215474 0.9997068 -0.006141252 -0.04653538 0.9988978 -0.02594494 -0.0767067 0.9967161 0.01636265 -0.03031846 0.9994063 -0.03186477 -0.2428297 0.9695455 0.02470133 -0.004127551 0.9996863 0.03596598 -0.05959145 0.9975747 0.004619824 0.07335144 0.9972954 0.01523413 0.02982512 0.9994391 0.02954696 -0.006212215 0.9995441 0.001443721 0.07309549 0.9973239 0.003613116 0.002250526 0.9999909 -0.003225896 0.01288003 0.9999118 0.009722886 0.0002335616 0.9999527 0.01526579 0.01648211 0.9997476 0.04970277 -0.07539876 0.995914 -0.0009986412 0.01440038 0.9998958 -0.004851133 -0.03125784 0.9994996 0.002160426 0.08738437 0.9961724 -0.001281009 -0.002707786 0.9999955 -0.005617288 0.006186568 0.9999651 0.002752407 0.001261524 0.9999954 0.0007686495 0.003376452 0.999994 0.005630758 -0.02951953 0.9995484 0.009113464 -0.03991225 0.9991616 0.007538523 0.003019779 0.999967 0.0003628081 -0.03864013 0.9992532 -0.007100405 0.006231195 0.9999554 -0.002812619 -0.04393771 0.9990303 -0.006639022 -0.02818691 0.9995806 0.0004525579 -0.03901532 0.9992386 -0.01364789 -0.0015467 0.9999056 -0.00203359 0.01922841 0.9998131 -0.005511069 0.03076831 0.9995113 -0.006620343 -0.00159487 0.9999768 -0.004635279 -0.001655433 0.9999879 -0.02268328 -0.026691 0.9993864 -0.008700356 0.009827161 0.9999138 -0.01652602 -0.0580608 0.9981763 -0.00720814 0.03076721 0.9995006 -0.02338873 0.01980743 0.9995302 -0.005702102 0.01527792 0.999867 8.883228E-09 6.005371E-07 1 -0.5800869 0.01350788 -0.8144426 -0.5800869 0.01350689 -0.8144426 -0.5800869 0.01350688 -0.8144426 -0.5800869 0.01350789 -0.8144426 0.5800868 -0.01350388 0.8144428 0.5800868 -0.01350388 0.8144427 0.5800868 -0.01350388 0.8144428 0.5800868 -0.01350388 0.8144427 0.5734239 -0.01336423 0.8191499 0.573427 -0.01336432 0.8191476 0.5734293 -0.01336438 0.8191461 0.5734217 -0.01336417 0.8191514 -0.0232686 -0.9997293 1.701448E-05 -0.0233024 -0.9997285 -3.028661E-05 -0.02330248 -0.9997284 -3.040229E-05 -0.02326853 -0.9997293 1.712665E-05 -0.5734243 0.01334549 -0.8191499 -0.5734274 0.01334558 -0.8191476 -0.5734296 0.01334564 -0.8191462 -0.5734222 0.01334543 -0.8191513 -0.02328699 -0.9997288 -8.763096E-06 -0.02325326 -0.9997296 3.861797E-05 -0.02325318 -0.9997296 3.873096E-05 -0.02328707 -0.9997288 -8.876614E-06 0.0156001 -0.002984716 0.9998739 0.006806054 0.227557 0.973741 0.003246517 0.1115118 0.9937578 0.006954486 0.00840365 0.9999405 0.008422608 0.08695263 0.9961769 0.01587568 -0.08101346 0.9965866 -0.007716774 -0.03097779 0.9994903 -0.007675629 -0.1195806 0.9927948 -0.004190003 0.006143609 0.9999723 -0.03887759 -0.01584774 0.9991183 -0.01873681 -0.04345826 0.9988796 0 0 1 -0.009889566 -0.008611355 0.999914 0.01350804 0.1117665 0.9936427 -0.03639878 0.01887895 0.999159 0.0385225 -0.001082668 0.9992571 -0.0007487857 -0.06031313 0.9981792 0.03344125 -0.08021186 0.9962167 0.01590763 -0.03407893 0.9992926 0.009194172 -0.06087553 0.998103 -0.009091794 0.01797639 0.999797 0.006124491 -0.06942975 0.9975681 -0.003795387 -0.08188114 0.9966348 0.03138472 -0.006535576 0.999486 -0.02085565 0.008721896 0.9997445 0.008773702 0.07332169 0.9972697 -0.006461251 0.01274788 0.9998978 -0.002069487 -0.03855166 0.9992545 -0.009170096 0.07399727 0.9972163 0.01954148 -0.03061184 0.9993404 -0.008545077 0.02466523 0.9996593 -0.009242459 0.01263418 0.9998775 -0.00904391 0.006289656 0.9999393 -0.001360636 0.009584308 0.9999532 -0.005406437 -0.1196637 0.9927998 -0.002678096 -0.08183271 0.9966425 -0.02176761 0.01479482 0.9996536 0.005506142 0.07371592 0.9972641 -0.02094257 0.01215474 0.9997068 -0.006141279 -0.04653538 0.9988978 0.01636262 -0.03031847 0.9994063 -0.02594498 -0.0767067 0.9967161 0.02470131 -0.00412755 0.9996863 -0.0318648 -0.2428297 0.9695455 0.03596598 -0.05959145 0.9975747 0.01523412 0.02982512 0.9994391 0.004619822 0.07335144 0.9972954 0.02954697 -0.006212217 0.9995441 0.001443718 0.07309549 0.9973239 -0.003225893 0.01288003 0.9999118 0.003613105 0.002250526 0.9999909 0.01526579 0.01648211 0.9997476 0.009722884 0.0002335616 0.9999527 0.04970275 -0.07539876 0.995914 -0.004851138 -0.03125784 0.9994996 -0.0009986446 0.01440038 0.9998958 0.002160418 0.08738437 0.9961724 -0.001281021 -0.002707785 0.9999955 0.002752417 0.001261524 0.9999954 -0.005617303 0.006186569 0.9999651 0.005630758 -0.02951953 0.9995484 0.0007686231 0.003376453 0.999994 0.009113454 -0.03991225 0.9991616 0.0003628379 -0.03864013 0.9992532 0.007538522 0.003019779 0.999967 -0.007100388 0.006231195 0.9999554 -0.002812618 -0.04393771 0.9990303 0.0004525505 -0.03901532 0.9992386 -0.00663899 -0.02818692 0.9995806 -0.002033584 0.01922841 0.9998131 -0.01364788 -0.0015467 0.9999056 -0.005511037 0.03076831 0.9995113 -0.004635262 -0.001655435 0.9999879 -0.006620332 -0.00159487 0.9999768 -0.02268328 -0.02669101 0.9993864 -0.008700346 0.009827161 0.9999138 -0.007208127 0.03076721 0.9995006 -0.01652599 -0.0580608 0.9981763 -0.005702106 0.01527792 0.999867 -0.02338873 0.01980743 0.9995302 8.883228E-09 6.005371E-07 1  
					<SubMeshes>: 1
						<SubMesh>: 0 1584 0 1 2 1 0 3 3 4 1 5 3 0 4 3 6 6 7 4 7 6 8 3 5 9 9 6 3 10 9 5 11 8 6 6 9 11 8 11 12 9 10 13 13 11 9 14 13 10 15 12 11 11 13 15 12 15 16 13 14 17 17 15 13 18 17 14 19 16 15 15 17 19 16 19 20 17 18 21 21 19 17 22 21 18 19 21 23 23 20 19 21 22 24 24 23 21 25 24 22 24 25 26 27 26 25 23 24 28 26 28 24 26 27 29 30 29 27 29 30 31 29 32 26 28 26 32 31 33 29 32 29 33 33 31 34 28 35 23 20 23 35 35 28 36 32 36 28 36 20 35 36 32 37 33 37 32 37 20 36 34 38 33 37 33 38 38 34 39 39 37 38 37 40 20 39 40 37 20 40 41 39 42 40 43 44 45 43 46 44 43 47 46 44 46 48 48 46 49 44 48 50 50 48 51 52 53 54 52 55 53 56 55 52 53 55 57 53 57 58 57 55 59 57 59 60 59 55 61 62 63 64 63 62 65 65 66 63 66 65 67 67 68 66 68 67 69 69 70 68 70 69 71 71 72 70 72 71 73 73 74 72 74 73 75 75 76 74 76 75 77 77 78 76 78 77 79 79 80 78 80 79 81 81 82 80 82 81 83 84 85 86 84 87 85 88 87 84 85 87 89 85 89 90 89 87 91 89 91 92 91 87 93 94 95 96 95 94 97 98 97 94 97 98 99 100 99 98 99 100 101 102 101 100 101 102 103 104 103 102 103 104 105 106 105 104 105 106 107 108 107 106 107 108 109 110 109 108 109 110 111 112 113 114 113 112 115 116 117 118 117 116 119 120 121 122 121 120 123 124 125 126 125 124 127 128 129 130 129 128 131 132 133 134 133 132 135 136 137 138 137 136 139 139 140 137 141 139 136 140 139 142 142 143 140 143 142 144 139 141 145 145 142 139 146 145 141 147 144 142 142 145 147 144 147 148 145 146 149 149 147 145 150 149 146 151 148 147 147 149 151 148 151 152 149 150 153 153 151 149 154 153 150 155 152 151 151 153 155 152 155 156 153 154 157 157 155 153 158 157 154 155 157 159 159 156 155 157 158 160 160 159 157 161 160 158 160 161 162 163 162 161 159 160 164 162 164 160 162 163 165 166 165 163 165 166 167 165 168 162 164 162 168 167 169 165 168 165 169 169 167 170 164 171 159 156 159 171 171 164 172 168 172 164 172 156 171 172 168 173 169 173 168 173 156 172 170 174 169 173 169 174 174 170 175 175 173 174 173 176 156 175 176 173 156 176 177 175 178 176 179 180 181 179 182 180 179 183 182 180 182 184 184 182 185 180 184 186 186 184 187 188 189 190 189 188 191 192 193 194 193 192 195 196 197 198 197 196 199 200 201 202 201 200 203 204 205 206 205 204 207 208 209 210 209 208 211 212 213 214 213 212 215 216 217 218 217 216 219 220 221 222 221 220 223 224 225 226 225 224 227 228 229 230 229 228 231 232 233 234 233 232 235 236 237 238 237 236 239 240 241 242 241 240 243 244 245 246 245 244 247 248 249 250 249 248 251 252 253 254 253 252 255 256 257 258 257 256 259 260 261 262 261 260 263 264 263 260 263 264 265 266 265 264 265 266 267 268 267 266 267 268 269 270 269 268 269 270 271 272 271 270 271 272 273 274 273 272 273 274 275 276 275 274 275 276 277 278 279 280 279 278 281 282 281 278 281 282 283 284 283 282 283 284 285 286 285 284 285 286 287 288 287 286 287 288 289 290 289 288 289 290 291 292 291 290 291 292 293 294 293 292 293 294 295 296 297 298 296 299 297 300 299 296 297 299 301 297 301 302 301 299 303 301 303 304 303 299 305 306 307 308 307 306 309 310 309 306 309 310 311 312 311 310 311 312 313 314 313 312 313 314 315 316 315 314 315 316 317 318 317 316 317 318 319 320 319 318 319 320 321 322 321 320 321 322 323 324 323 322 323 324 325 326 325 324 325 326 327 328 329 330 328 331 329 332 331 328 329 331 333 329 333 334 333 331 335 333 335 336 335 331 337 338 339 340 339 338 341 342 343 344 343 342 345 346 347 348 347 346 349 350 351 352 351 350 353 354 355 356 354 357 355 358 357 354 355 357 359 355 359 360 359 357 361 359 361 362 361 357 363 364 365 366 365 364 367 367 368 365 368 367 369 369 370 368 370 369 371 371 372 370 372 371 373 373 374 372 374 373 375 375 376 374 376 375 377 377 378 376 378 377 379 379 380 378 380 379 381 381 382 380 382 381 383 383 384 382 384 383 385 386 387 388 386 389 387 390 389 386 387 389 391 387 391 392 391 389 393 391 393 394 393 389 395 396 397 398 397 396 399 400 401 402 401 400 403 404 405 406 405 404 407 408 409 410 409 408 411 412 413 414 413 412 415 416 415 412 415 416 417 418 417 416 417 418 419 420 419 418 419 420 421 422 421 420 421 422 423 424 423 422 423 424 425 426 425 424 425 426 427 428 427 426 427 428 429 430 431 432 431 430 433 433 434 431 435 433 430 434 433 436 433 435 437 437 436 433 436 437 438 439 440 441 440 439 442 442 443 440 444 442 439 443 442 445 442 444 446 442 447 445 447 442 446 448 449 450 449 448 451 451 452 449 453 451 448 452 451 454 451 453 455 455 454 451 454 455 456 457 458 459 458 457 460 460 461 458 462 460 457 461 460 463 460 462 464 460 465 463 465 460 464 466 467 468 467 466 469 469 470 467 471 469 466 470 469 472 469 471 473 473 472 469 472 473 474 475 476 477 476 475 478 478 479 476 480 478 475 479 478 481 478 480 482 482 481 478 481 482 483 484 485 486 485 484 487 487 488 485 489 487 484 488 487 490 487 489 491 491 490 487 490 491 492 493 494 495 494 493 496 496 497 494 498 496 493 497 496 499 496 498 500 500 499 496 499 500 501 502 503 504 503 502 505 505 506 503 507 505 502 506 505 508 505 507 509 509 508 505 508 509 510 511 512 513 512 511 514 515 516 517 516 515 518 519 520 521 520 519 522 523 524 525 524 523 526 527 528 529 528 527 530 531 532 533 532 531 534 535 536 537 536 535 538 538 539 536 540 538 535 539 538 541 538 540 542 542 541 538 541 542 543 544 545 546 545 544 547 547 548 545 549 547 544 548 547 550 547 549 551 547 552 550 552 547 551 553 554 555 554 553 556 556 557 554 558 556 553 557 556 559 556 558 560 560 559 556 559 560 561 562 563 564 563 562 565 565 566 563 567 565 562 566 565 568 565 567 569 565 570 568 570 565 569 571 572 573 572 571 574 574 575 572 576 574 571 575 574 577 574 576 578 578 577 574 577 578 579 580 581 582 581 580 583 583 584 581 585 583 580 584 583 586 583 585 587 587 586 583 586 587 588 589 590 591 590 589 592 592 593 590 594 592 589 593 592 595 592 594 596 596 595 592 595 596 597 598 599 600 599 598 601 601 602 599 603 601 598 602 601 604 601 603 605 605 604 601 604 605 606 607 608 609 608 607 610 610 611 608 612 610 607 611 610 613 610 612 614 614 613 610 613 614 615  
				</Mesh>
				<Materials>: 1
					<Material>: 0
						<AlbedoColor>: 0.5882353 0.5882353 0.5882353 1
						<EmissiveColor>: 0 0 0 1
						<SpecularColor>: 0.2 0.2 0.2 1
						<Glossiness>: 0.5
						<SpecularHighlight>: 1
						<GlossyReflection>: 1
						<AlbedoMap>: metal_fence-1
						<SpecularMap>: metal_fence-1_specular
						<NormalMap>: metal_fence-1_NORMAL
						<EmissionMap>: null
						<DetailAlbedoMap>: null
						<DetailNormalMap>: null
				</Materials>
				<Children>: 0
			</Frame>
	</Frame>
</Hierarchy>
