<Hierarchy>:
	<Frame>: 0 4 Floor_2
		<Transform>: 0 0 0 2.504478E-06 0 0 10 10 10 2.185569E-08 0 0 1  
		<TransformMatrix>: 10 0 0 0 0 10 4.371139E-07 0 0 -4.371139E-07 10 0 0 0 0 1  
		<Mesh>: 28 Floor_Panel_Emiss
			<Bounds>: 0 -0.001695995 0 1.26 0.02338128 1.26
			<Positions>: 28 1.26 0.02168476 1.26 1.26 -0.02507675 -1.26 1.26 0.02168529 -1.26 1.26 -0.02507728 1.26 1.26 0.02168529 -1.26 -1.26 -0.02507675 -1.26 -1.26 0.02168529 -1.26 1.26 -0.02507675 -1.26 -1.26 0.02168529 -1.26 -1.26 -0.02507728 1.26 -1.26 0.02168476 1.26 -1.26 -0.02507675 -1.26 -1.26 0.02168476 1.26 1.26 -0.02507728 1.26 1.26 0.02168476 1.26 -1.26 -0.02507728 1.26 -1.26 -0.02507675 -1.26 1.26 -0.02507728 1.26 -1.26 -0.02507728 1.26 1.26 -0.02507675 -1.26 -1.26 0.02168476 1.26 -1.121445 0.02168522 -0.935303 -1.26 0.02168529 -1.26 -1.121445 0.02168483 0.935303 1.26 0.02168476 1.26 1.121445 0.02168483 0.935303 1.26 0.02168529 -1.26 1.121445 0.02168522 -0.935303  
			<Colors>: 0  
			<TextureCoords0>: 28 0.9944257 0.0388872 0.1233641 0.05505103 0.1233641 0.0388872 0.9944257 0.05505103 0.9944257 0.06441903 0.1233641 0.08058268 0.1233641 0.06441903 0.9944257 0.08058268 0.9944257 0.09040093 0.1233641 0.1065646 0.1233641 0.09040093 0.9944257 0.1065646 0.9944257 0.01419163 0.1233641 0.03035527 0.1233641 0.01419163 0.9944257 0.03035527 0.1192876 0.98953 0.005359245 0.8756017 0.1192876 0.8756017 0.005359245 0.98953 0.9948955 0.991249 0.9470027 0.2324221 0.9948955 0.1201876 0.9470027 0.8790144 0.1238341 0.991249 0.171727 0.8790144 0.1238341 0.1201876 0.171727 0.2324221  
			<TextureCoords1>: 0  
			<Normals>: 28 1 0 0 1 0 0 1 0 0 1 0 0 0 0 -1 0 0 -1 0 0 -1 0 0 -1 -1 0 0 -1 0 0 -1 0 0 -1 0 0 0 0 1 0 0 1 0 0 1 0 0 1 0 -1 0 0 -1 0 0 -1 0 0 -1 0 0 1 0 0 1 0 0 1 0 0 1 0 0 1 0 0 1 0 0 1 0 0 1 0  
			<Tangents>: 28 0 0 1 0 0 1 0 0 1 0 0 1 1 0 0 1 0 0 1 0 0 1 0 0 0 0 -1 0 0 -1 0 0 -1 0 0 -1 -1 0 0 -1 0 0 -1 0 0 -1 0 0 -1 0 0 -1 0 0 -1 0 0 -1 0 0 -1 0 0 -1 0 0 -1 0 0 -1 0 0 -1 0 0 -1 0 0 -1 0 0 -1 0 0  
			<BiTangents>: 28 0 1 0 0 1 0 0 1 0 0 1 0 0 1 0 0 1 0 0 1 0 0 1 0 0 1 0 0 1 0 0 1 0 0 1 0 0 1 0 0 1 0 0 1 0 0 1 0 0 0 1 0 0 1 0 0 1 0 0 1 0 0 -1 0 0 -1 0 0 -1 0 0 -1 0 0 -1 0 0 -1 0 0 -1 0 0 -1  
			<SubMeshes>: 1
				<SubMesh>: 0 60 0 1 2 1 0 3 4 5 6 5 4 7 8 9 10 9 8 11 12 13 14 13 12 15 16 17 18 17 16 19 20 21 22 21 20 23 24 23 20 23 24 25 25 21 23 26 25 24 22 27 26 27 22 21 21 25 27 25 26 27  
		</Mesh>
		<Materials>: 1
			<Material>: 0
				<AlbedoColor>: 1 1 1 1
				<EmissiveColor>: 1 1 1 1
				<Glossiness>: 0
				<Metallic>: 0
				<SpecularHighlight>: 1
				<GlossyReflection>: 1
				<AlbedoMap>: SolidPanel_low_Albedo
				<MetallicMap>: SolidPanel_low_Metallic
				<NormalMap>: SolidPanel_low_normal
				<EmissionMap>: SolidPanel_low_Emissive
				<DetailAlbedoMap>: null
				<DetailNormalMap>: null
		</Materials>
		<Children>: 0
	</Frame>
</Hierarchy>
