<Hierarchy>:
	<Frame>: 0 3 Floor_1
		<Transform>: 0 0 0 2.504478E-06 0 0 10 10 10 2.185569E-08 0 0 1  
		<TransformMatrix>: 10 0 0 0 0 10 4.371139E-07 0 0 -4.371139E-07 10 0 0 0 0 1  
		<Mesh>: 40 Floor_Panel_LP
			<Bounds>: 0 -0.03960626 0 1.26 0.06133478 1.26
			<Positions>: 40 1.26 0.006181117 -1.26 1.26 -0.100941 1.26 1.26 -0.1009409 -1.26 1.26 0.006181007 1.26 1.26 0.006181117 -1.26 1.244453 0.02172842 1.244453 1.26 0.006181007 1.26 1.244453 0.02172852 -1.244453 1.26 -0.1009409 -1.26 -1.26 0.006181117 -1.26 1.26 0.006181117 -1.26 -1.26 -0.1009409 -1.26 -1.26 0.006181007 1.26 1.244453 0.02172842 1.244453 -1.244453 0.02172842 1.244453 1.26 0.006181007 1.26 -1.26 -0.100941 1.26 1.26 0.006181007 1.26 -1.26 0.006181007 1.26 1.26 -0.100941 1.26 1.26 0.006181117 -1.26 -1.244453 0.02172852 -1.244452 1.244453 0.02172852 -1.244453 -1.26 0.006181117 -1.26 -1.26 0.006181007 1.26 -1.26 -0.1009409 -1.26 -1.26 -0.100941 1.26 -1.26 0.006181117 -1.26 -1.26 0.006181117 -1.26 -1.244453 0.02172842 1.244453 -1.244453 0.02172852 -1.244452 -1.26 0.006181007 1.26 -1.244453 0.02172852 -1.244452 1.244453 0.02172842 1.244453 1.244453 0.02172852 -1.244453 -1.244453 0.02172842 1.244453 1.26 -0.100941 1.26 -1.26 -0.1009409 -1.26 1.26 -0.1009409 -1.26 -1.26 -0.100941 1.26  
			<Colors>: 0  
			<TextureCoords0>: 40 0.008153148 0.8983518 0.04602436 0.00744909 0.04602436 0.8983518 0.008153148 0.00744909 0.1015191 0.9021099 0.9863814 0.8956439 0.9928474 0.9021099 0.107985 0.8956439 0.994065 0.9488521 0.1031622 0.9109813 0.994065 0.9109812 0.1031622 0.9488522 0.9928474 0.01078159 0.9863814 0.8956439 0.9863814 0.01724762 0.9928474 0.9021099 0.09124281 0.00744909 0.05337146 0.8983518 0.05337146 0.00744909 0.09124281 0.8983518 0.1015191 0.9021099 0.107985 0.01724762 0.107985 0.8956439 0.1015191 0.01078159 0.1031622 0.9561996 0.994065 0.9940706 0.1031622 0.9940706 0.994065 0.9561995 0.1015191 0.01078159 0.9863814 0.01724762 0.107985 0.01724762 0.9928474 0.01078159 0.107985 0.01724762 0.9863814 0.8956439 0.107985 0.8956439 0.9863814 0.01724762 0.09342309 0.9936552 0.009012309 0.9092444 0.009012309 0.9936552 0.09342309 0.9092444  
			<TextureCoords1>: 0  
			<Normals>: 40 1 0 0 1 0 0 1 0 0 1 0 0 0.707107 0.7071065 0 0.7071097 0.7071037 0 0.7071097 0.7071037 0 0.707107 0.7071065 0 0 0 -1 0 0 -1 0 0 -1 0 0 -1 0 0.7071037 0.7071097 0 0.7071065 0.7071071 0 0.7071037 0.7071099 0 0.7071065 0.707107 0 0 1 0 0 1 0 0 1 0 0 1 0 0.7071091 -0.7071044 0 0.7071093 -0.7071043 0 0.7071092 -0.7071044 0 0.7071093 -0.7071043 -1 0 0 -1 0 0 -1 0 0 -1 0 0 -0.7071097 0.7071038 0 -0.7071071 0.7071065 0 -0.7071097 0.7071038 0 -0.707107 0.7071065 0 0 1 0 0 1 0 0 1 0 0 1 0 0 -1 0 0 -1 0 0 -1 0 0 -1 0  
			<Tangents>: 40 0 -1 0 0 -1 0 0 -1 0 0 -1 0 0 0 1 0 0 1 0 0 1 0 0 1 1 0 0 1 0 0 1 0 0 1 0 0 0.1229162 -0.7017478 0.7017419 -0.1223877 -0.7017913 0.7017908 0.1251664 -0.7015489 0.7015429 -0.123371 -0.7017052 0.7017047 0 -1 0 0 -1 0 0 -1 0 0 -1 0 0.1229031 0.7017437 0.7017483 -0.1223994 0.7017876 0.7017925 0.1251533 0.7015448 0.7015495 -0.1233826 0.7017015 0.7017064 0 0 -1 0 0 -1 0 0 -1 0 0 -1 0 0 1 0 0 1 0 0 1 0 0 1 0 0 1 0 0 1 0 0 1 0 0 1 0 0 1 0 0 1 0 0 1 0 0 1  
			<BiTangents>: 40 0 0 1 0 0 1 0 0 1 0 0 1 -0.7071065 0.7071071 0 -0.7071038 0.7071098 0 -0.7071038 0.7071098 0 -0.7071065 0.707107 0 0 1 0 0 1 0 0 1 0 0 1 0 -0.992417 -0.08691526 0.08691452 -0.9924824 0.08654122 -0.08654115 -0.9921358 -0.08850643 0.08850566 -0.9923607 0.08723649 -0.08723642 -1 0 0 -1 0 0 -1 0 0 -1 0 0 -0.9924187 0.08690532 0.0869059 -0.9924809 -0.08654912 -0.08654973 -0.9921374 0.08849645 0.08849705 -0.9923592 -0.08724439 -0.08724501 0 1 0 0 1 0 0 1 0 0 1 0 -0.7071038 -0.7071097 0 -0.7071065 -0.7071071 0 -0.7071038 -0.7071097 0 -0.7071065 -0.7071071 0 -1 0 0 -1 0 0 -1 0 0 -1 0 0 -1 0 0 -1 0 0 -1 0 0 -1 0 0  
			<SubMeshes>: 1
				<SubMesh>: 0 60 0 1 2 1 0 3 4 5 6 5 4 7 8 9 10 9 8 11 12 13 14 13 12 15 16 17 18 17 16 19 20 21 22 21 20 23 24 25 26 25 24 27 28 29 30 29 28 31 32 33 34 33 32 35 36 37 38 37 36 39  
		</Mesh>
		<Materials>: 1
			<Material>: 0
				<AlbedoColor>: 0.992647 0.992647 0.992647 1
				<EmissiveColor>: 0 0 0 0
				<Glossiness>: 0
				<Metallic>: 0
				<SpecularHighlight>: 1
				<GlossyReflection>: 1
				<AlbedoMap>: Floor_Panel_LP_Albedo
				<MetallicMap>: Floor_Panel_LP_Metallic
				<NormalMap>: Floor_Panel_LP_Normal
				<EmissionMap>: null
				<DetailAlbedoMap>: null
				<DetailNormalMap>: null
		</Materials>
		<Children>: 0
	</Frame>
</Hierarchy>
